Sat Apr 30 09:31:11 2016
[([0, 0, 0, 0, 0, 0, 0, 0, 0, 7], 23.960693496196857), ([1, 3, 2, 5, 9, 6, 4, 8, 10, 7], 23.960693496196857)]
[([0, 0, 0, 0, 0, 0, 0, 0, 0, 10], 27.144176334889146), ([1, 7, 5, 2, 9, 3, 8, 4, 6, 10], 27.144176334889146)]
[([0, 0, 10, 10, 0, 10, 0, 0, 0, 10], 5.265008900521488), ([1, 5, 7, 2, 3, 9, 8, 4, 6, 10], 5.265008900521488)]
[([0, 0, 10, 10, 0, 10, 0, 0, 0, 0], 5.302889147378373), ([1, 7, 5, 2, 9, 8, 3, 4, 6, 10], 5.302889147378373)]
[([0, 0, 0, 0, 0, 0, 0, 0, 0, 10], 27.653008081810775), ([1, 7, 5, 2, 3, 9, 6, 4, 8, 10], 27.653008081810775)]
[([0, 0, 0, 0, 0, 0, 0, 0, 0, 10], 27.653008081810775), ([1, 7, 5, 2, 3, 9, 6, 4, 8, 10], 27.653008081810775)]
[([0, 0, 0, 0, 0, 0, 0, 0, 0, 7], 27.006123211022153), ([1, 8, 4, 6, 10, 9, 3, 2, 5, 7], 27.006123211022153)]
[([0, 0, 0, 0, 0, 0, 0, 0, 0, 7], 22.050657967894434), ([1, 10, 6, 4, 2, 5, 3, 8, 9, 7], 22.050657967894434)]
[([0, 0, 0, 0, 0, 0, 0, 0, 0, 7], 22.371352021562988), ([1, 6, 9, 2, 5, 3, 4, 8, 10, 7], 22.371352021562988)]
[([0, 0, 0, 0, 0, 0, 0, 0, 0, 10], 25.28574900576785), ([1, 7, 3, 2, 5, 9, 8, 6, 4, 10], 25.28574900576785)]
[([0, 0, 10, 10, 0, 10, 0, 0, 0, 0], 5.086111016450663), ([1, 9, 5, 2, 3, 7, 6, 4, 8, 10], 5.086111016450663)]
[([0, 0, 10, 10, 0, 0, 0, 0, 0, 0], 5.086111016450663), ([1, 9, 5, 2, 3, 7, 6, 4, 8, 10], 5.086111016450663)]
[([0, 0, 0, 0, 0, 0, 0, 0, 0, 10], 26.435873888641574), ([1, 7, 5, 2, 9, 3, 8, 6, 4, 10], 26.435873888641574)]
[([0, 0, 0, 0, 0, 0, 0, 0, 0, 10], 27.144176334889146), ([1, 7, 5, 2, 9, 3, 8, 4, 6, 10], 27.144176334889146)]
[([0, 0, 0, 0, 0, 0, 0, 0, 0, 7], 24.892517934573963), ([1, 5, 2, 3, 9, 6, 8, 4, 10, 7], 24.892517934573963)]
[([0, 0, 0, 0, 0, 0, 0, 0, 0, 10], 22.175294460056914), ([1, 7, 2, 9, 3, 5, 6, 8, 4, 10], 22.175294460056914)]
[([0, 0, 0, 0, 0, 0, 0, 0, 0, 10], 24.02815600188294), ([1, 6, 4, 7, 5, 2, 3, 9, 8, 10], 24.02815600188294)]
[([0, 0, 0, 0, 0, 0, 0, 0, 0, 10], 24.866832582743438), ([1, 6, 4, 8, 7, 5, 2, 3, 9, 10], 24.866832582743438)]
[([0, 0, 0, 0, 0, 0, 0, 0, 0, 10], 25.134467029019273), ([1, 6, 8, 4, 9, 3, 2, 5, 7, 10], 25.134467029019273)]
[([0, 0, 7, 0, 0, 0, 0, 7, 0, 0], 5.663323368360861), ([1, 10, 6, 4, 8, 3, 9, 2, 5, 7], 5.663323368360861)]
[([0, 0, 0, 0, 0, 0, 0, 0, 0, 10], 25.822982654639627), ([1, 7, 5, 2, 9, 3, 6, 4, 8, 10], 25.822982654639627)]
[([0, 0, 0, 0, 0, 0, 0, 0, 0, 7], 23.772954000363885), ([1, 5, 2, 3, 4, 6, 8, 9, 10, 7], 23.772954000363885)]
[([0, 0, 0, 0, 0, 0, 0, 0, 0, 10], 21.292053694480522), ([1, 2, 5, 7, 8, 4, 6, 3, 9, 10], 21.292053694480522)]
[([0, 0, 0, 0, 0, 0, 0, 0, 0, 10], 26.435873888641574), ([1, 7, 5, 2, 9, 3, 8, 6, 4, 10], 26.435873888641574)]
[([0, 0, 0, 0, 0, 0, 0, 0, 0, 10], 22.634366688622265), ([1, 4, 6, 7, 5, 2, 9, 3, 8, 10], 22.634366688622265)]
[([0, 0, 0, 0, 0, 0, 0, 0, 0, 10], 28.92688039260728), ([1, 7, 5, 2, 3, 9, 8, 4, 6, 10], 28.92688039260728)]
[([0, 0, 0, 0, 0, 0, 0, 0, 0, 10], 23.092134185495066), ([1, 3, 9, 2, 5, 7, 6, 4, 8, 10], 23.092134185495066)]
[([0, 0, 0, 0, 0, 0, 0, 0, 0, 10], 22.09669090552782), ([1, 7, 5, 2, 9, 4, 3, 6, 8, 10], 22.09669090552782)]
[([0, 0, 7, 0, 0, 7, 0, 0, 0, 0], 5.287341310446801), ([1, 6, 8, 4, 3, 2, 5, 9, 10, 7], 5.287341310446801)]
[([0, 0, 0, 0, 0, 0, 0, 0, 0, 10], 24.610321208648067), ([1, 7, 5, 9, 2, 3, 6, 4, 8, 10], 24.610321208648067)]

