Fri Apr 29 03:22:24 2016
[([8, 0, 0], 0.6045173132344328), ([1, 7, 3, 10, 9, 4, 5, 2, 6, 8], 0.6045173132344328)]
[([8, 0, 8], 0.5584403697796742), ([1, 3, 2, 6, 4, 5, 9, 10, 7, 8], 0.5584403697796742)]
[([8, 0, 0], 0.552654010807963), ([1, 2, 6, 4, 9, 5, 10, 3, 7, 8], 0.552654010807963)]
[([8, 0, 8], 0.5939338504766813), ([1, 3, 7, 10, 5, 4, 9, 2, 6, 8], 0.5939338504766813)]
[([8, 0, 0], 0.5860697963600966), ([1, 7, 10, 4, 9, 5, 2, 6, 3, 8], 0.5860697963600966)]
[([8, 0, 0], 0.6163723030830099), ([1, 3, 7, 10, 4, 9, 5, 2, 6, 8], 0.6163723030830099)]
[([0, 3, 3], 0.30856933159188776), ([1, 8, 7, 10, 9, 4, 5, 6, 2, 3], 0.30856933159188776)]
[([8, 0, 0], 0.6058392243852828), ([1, 7, 3, 10, 4, 5, 9, 2, 6, 8], 0.6058392243852828)]
[([8, 0, 8], 0.498422425218875), ([1, 2, 6, 5, 4, 3, 7, 9, 10, 8], 0.498422425218875)]
[([8, 0, 0], 0.6068221511927788), ([1, 3, 7, 10, 9, 4, 5, 2, 6, 8], 0.6068221511927788)]
[([8, 0, 0], 0.5860697963600966), ([1, 7, 10, 4, 9, 5, 2, 6, 3, 8], 0.5860697963600966)]
[([8, 0, 0], 0.6081541727437395), ([1, 3, 7, 10, 4, 5, 9, 2, 6, 8], 0.6081541727437395)]
[([8, 0, 8], 0.49556623086113927), ([1, 7, 10, 5, 9, 3, 2, 4, 6, 8], 0.49556623086113927)]
[([8, 0, 0], 0.5614371602057364), ([1, 7, 4, 9, 5, 6, 2, 10, 3, 8], 0.5614371602057364)]
[([8, 0, 0], 0.522268265258059), ([1, 4, 7, 10, 3, 9, 5, 2, 6, 8], 0.522268265258059)]
[([8, 0, 0], 0.5920418174349964), ([1, 7, 3, 10, 9, 5, 4, 2, 6, 8], 0.5920418174349964)]
[([8, 0, 0], 0.5072006213032635), ([1, 6, 2, 4, 5, 7, 10, 9, 3, 8], 0.5072006213032635)]
[([8, 0, 8], 0.5448250810845725), ([1, 7, 10, 9, 5, 6, 2, 4, 3, 8], 0.5448250810845725)]
[([8, 0, 0], 0.5816946957204597), ([1, 7, 10, 9, 4, 5, 6, 2, 3, 8], 0.5816946957204597)]
[([8, 0, 0], 0.5647006521064549), ([1, 7, 2, 6, 5, 9, 4, 10, 3, 8], 0.5647006521064549)]
[([8, 0, 8], 0.5821587114900333), ([1, 2, 6, 5, 4, 9, 10, 7, 3, 8], 0.5821587114900333)]
[([8, 0, 8], 0.5567777572647461), ([1, 7, 10, 2, 6, 9, 5, 4, 3, 8], 0.5567777572647461)]
[([8, 0, 0], 0.5544666627103628), ([1, 10, 7, 4, 9, 5, 6, 2, 3, 8], 0.5544666627103628)]
[([8, 0, 8], 0.6036392393061131), ([1, 7, 3, 10, 4, 9, 5, 6, 2, 8], 0.6036392393061131)]
[([8, 0, 8], 0.5948311920395349), ([1, 3, 7, 10, 4, 5, 9, 6, 2, 8], 0.5948311920395349)]
[([8, 0, 8], 0.4164422687668192), ([1, 7, 6, 5, 10, 2, 4, 3, 9, 8], 0.4164422687668192)]
[([8, 0, 8], 0.52937376737195), ([1, 2, 6, 10, 4, 9, 5, 3, 7, 8], 0.52937376737195)]
[([8, 0, 0], 0.5499217704722339), ([1, 6, 2, 3, 7, 10, 4, 9, 5, 8], 0.5499217704722339)]
[([8, 0, 8], 0.5909427154316215), ([1, 2, 6, 5, 9, 4, 10, 7, 3, 8], 0.5909427154316215)]
[([8, 0, 0], 0.4586769901611823), ([1, 5, 7, 4, 9, 10, 6, 2, 3, 8], 0.4586769901611823)]

