Thu Apr 28 21:32:11 2016
[([0, 0, 2], 26.83934708937578), ([1, 10, 6, 9, 8, 5, 4, 7, 3, 2], 26.83934708937578)]
[([0, 0, 2], 25.646722230029457), ([1, 7, 4, 5, 9, 8, 3, 6, 10, 2], 25.646722230029457)]
[([0, 0, 2], 26.63361331753311), ([1, 6, 10, 9, 8, 4, 5, 7, 3, 2], 26.63361331753311)]
[([0, 0, 2], 26.70895552929622), ([1, 3, 7, 5, 4, 8, 9, 10, 6, 2], 26.70895552929622)]
[([0, 0, 2], 26.804561970288606), ([1, 7, 4, 5, 8, 9, 10, 6, 3, 2], 26.804561970288606)]
[([0, 0, 2], 25.86436391181769), ([1, 3, 7, 4, 5, 6, 10, 8, 9, 2], 25.86436391181769)]
[([0, 0, 2], 27.62813272740146), ([1, 10, 9, 8, 5, 4, 7, 3, 6, 2], 27.62813272740146)]
[([0, 0, 2], 26.106114743353583), ([1, 7, 5, 4, 6, 3, 8, 9, 10, 2], 26.106114743353583)]
[([0, 0, 2], 27.774779932799305), ([1, 6, 3, 7, 4, 5, 8, 9, 10, 2], 27.774779932799305)]
[([0, 0, 2], 26.510870927512826), ([1, 7, 5, 4, 8, 9, 3, 6, 10, 2], 26.510870927512826)]
[([0, 0, 2], 27.269913503487146), ([1, 10, 9, 8, 6, 3, 5, 4, 7, 2], 27.269913503487146)]
[([0, 0, 2], 26.124173014625697), ([1, 10, 9, 8, 6, 4, 5, 7, 3, 2], 26.124173014625697)]
[([0, 0, 2], 26.58551932927953), ([1, 7, 4, 5, 8, 9, 3, 6, 10, 2], 26.58551932927953)]
[([0, 0, 2], 26.58551932927953), ([1, 7, 4, 5, 8, 9, 3, 6, 10, 2], 26.58551932927953)]
[([0, 0, 2], 26.803734852101243), ([1, 10, 9, 8, 5, 4, 7, 6, 3, 2], 26.803734852101243)]
[([0, 0, 2], 25.696796928059758), ([1, 3, 4, 5, 7, 8, 9, 6, 10, 2], 25.696796928059758)]
[([0, 0, 2], 27.269913503487146), ([1, 10, 9, 8, 6, 3, 5, 4, 7, 2], 27.269913503487146)]
[([0, 0, 2], 25.72952668559308), ([1, 10, 8, 9, 3, 5, 4, 7, 6, 2], 25.72952668559308)]
[([0, 0, 2], 26.124173014625697), ([1, 10, 9, 8, 6, 4, 5, 7, 3, 2], 26.124173014625697)]
[([0, 0, 2], 27.62813272740146), ([1, 10, 9, 8, 5, 4, 7, 3, 6, 2], 27.62813272740146)]
[([0, 0, 2], 26.941739136932647), ([1, 3, 6, 7, 5, 4, 8, 9, 10, 2], 26.941739136932647)]
[([0, 0, 2], 26.83934708937578), ([1, 10, 6, 9, 8, 5, 4, 7, 3, 2], 26.83934708937578)]
[([0, 0, 2], 25.526885385826688), ([1, 10, 3, 5, 7, 4, 8, 9, 6, 2], 25.526885385826688)]
[([0, 0, 2], 26.443078865415508), ([1, 10, 8, 9, 6, 3, 4, 5, 7, 2], 26.443078865415508)]
[([0, 0, 2], 26.345234131547876), ([1, 6, 3, 4, 5, 7, 8, 9, 10, 2], 26.345234131547876)]
[([0, 0, 2], 26.319689693775988), ([1, 10, 3, 7, 5, 4, 8, 9, 6, 2], 26.319689693775988)]
[([0, 0, 2], 26.739376526673666), ([1, 7, 5, 4, 3, 6, 9, 8, 10, 2], 26.739376526673666)]
[([0, 0, 2], 26.905854841789335), ([1, 10, 8, 9, 6, 3, 5, 4, 7, 2], 26.905854841789335)]
[([0, 0, 2], 25.73867545707323), ([1, 9, 8, 6, 3, 7, 4, 5, 10, 2], 25.73867545707323)]
[([0, 0, 2], 25.79447096325045), ([1, 7, 5, 4, 8, 3, 6, 9, 10, 2], 25.79447096325045)]

