Fri Apr 29 06:33:24 2016
[([7, 7, 0], 0.3112369334733229), ([1, 6, 5, 4, 3, 10, 2, 8, 9, 7], 0.3112369334733229)]
[([0, 0, 4], 0.34713674737978906), ([1, 6, 7, 5, 9, 8, 2, 10, 3, 4], 0.34713674737978906)]
[([7, 0, 0], 0.3154753663987885), ([1, 3, 2, 10, 8, 9, 6, 4, 5, 7], 0.3154753663987885)]
[([7, 7, 0], 0.3181179329532903), ([1, 3, 10, 2, 8, 9, 6, 4, 5, 7], 0.3181179329532903)]
[([0, 0, 4], 0.34482292989240493), ([1, 5, 3, 2, 10, 8, 9, 6, 7, 4], 0.34482292989240493)]
[([0, 0, 4], 0.36244821726567333), ([1, 6, 9, 8, 2, 10, 3, 5, 7, 4], 0.36244821726567333)]
[([7, 7, 0], 0.3033467114520852), ([1, 4, 6, 8, 9, 10, 2, 3, 5, 7], 0.3033467114520852)]
[([0, 0, 4], 0.34281759315096594), ([1, 3, 5, 10, 2, 8, 9, 6, 7, 4], 0.34281759315096594)]
[([0, 0, 4], 0.3412976272861275), ([1, 6, 9, 10, 8, 2, 3, 5, 7, 4], 0.3412976272861275)]
[([7, 7, 0], 0.3013237314792227), ([1, 6, 5, 4, 3, 9, 8, 2, 10, 7], 0.3013237314792227)]
[([0, 0, 4], 0.36244821726567333), ([1, 6, 9, 8, 2, 10, 3, 5, 7, 4], 0.36244821726567333)]
[([0, 0, 4], 0.34561031832120237), ([1, 6, 9, 8, 2, 10, 5, 3, 7, 4], 0.34561031832120237)]
[([0, 0, 4], 0.3324930188311055), ([1, 6, 9, 8, 5, 3, 2, 10, 7, 4], 0.3324930188311055)]
[([0, 0, 4], 0.3143384576867111), ([1, 5, 6, 9, 2, 8, 7, 10, 3, 4], 0.3143384576867111)]
[([0, 0, 4], 0.3308381162000119), ([1, 6, 5, 9, 8, 10, 2, 3, 7, 4], 0.3308381162000119)]
[([0, 0, 4], 0.33962107390679397), ([1, 6, 9, 10, 2, 8, 3, 5, 7, 4], 0.33962107390679397)]
[([0, 0, 4], 0.34561031832120237), ([1, 6, 9, 8, 2, 10, 5, 3, 7, 4], 0.34561031832120237)]
[([7, 0, 0], 0.3077150962070443), ([1, 6, 4, 5, 3, 2, 10, 8, 9, 7], 0.3077150962070443)]
[([0, 0, 4], 0.3220574973642121), ([1, 2, 10, 8, 9, 6, 5, 3, 7, 4], 0.3220574973642121)]
[([7, 7, 0], 0.3181179329532903), ([1, 3, 10, 2, 8, 9, 6, 4, 5, 7], 0.3181179329532903)]
[([0, 0, 4], 0.3417089296102512), ([1, 6, 5, 3, 10, 2, 8, 9, 7, 4], 0.3417089296102512)]
[([0, 0, 4], 0.3252560936789663), ([1, 6, 5, 3, 2, 9, 8, 10, 7, 4], 0.3252560936789663)]
[([7, 7, 0], 0.3086385073805948), ([1, 6, 9, 8, 2, 3, 10, 5, 4, 7], 0.3086385073805948)]
[([7, 0, 0], 0.30286705145964304), ([1, 3, 5, 2, 10, 8, 9, 6, 4, 7], 0.30286705145964304)]
[([7, 0, 0], 0.3103744472257776), ([1, 5, 3, 10, 2, 8, 9, 6, 4, 7], 0.3103744472257776)]
[([7, 7, 0], 0.31752560573114175), ([1, 6, 9, 8, 10, 2, 3, 5, 4, 7], 0.31752560573114175)]
[([7, 7, 0], 0.3052912191946142), ([1, 6, 9, 8, 3, 2, 10, 4, 5, 7], 0.3052912191946142)]
[([7, 0, 0], 0.32561864404613305), ([1, 6, 9, 8, 2, 10, 3, 4, 5, 7], 0.32561864404613305)]
[([7, 7, 0], 0.31937097106337164), ([1, 4, 3, 2, 10, 8, 9, 6, 5, 7], 0.31937097106337164)]
[([0, 0, 4], 0.3415369992783694), ([1, 3, 5, 6, 9, 8, 2, 10, 7, 4], 0.3415369992783694)]

