Fri Apr 29 01:07:12 2016
[([0, 4, 0], 19.766121293060962), ([1, 2, 7, 5, 3, 10, 9, 8, 6, 4], 19.766121293060962)]
[([0, 4, 0], 22.616238866381256), ([1, 8, 6, 7, 2, 9, 3, 5, 10, 4], 22.616238866381256)]
[([0, 4, 0], 23.281178804186506), ([1, 6, 8, 2, 7, 9, 5, 10, 3, 4], 23.281178804186506)]
[([0, 4, 4], 22.446316951016346), ([1, 8, 6, 5, 10, 3, 9, 7, 2, 4], 22.446316951016346)]
[([0, 4, 0], 21.397267303062065), ([1, 8, 6, 9, 3, 10, 5, 7, 2, 4], 21.397267303062065)]
[([0, 4, 4], 18.638321267388733), ([1, 3, 10, 5, 9, 7, 8, 6, 2, 4], 18.638321267388733)]
[([0, 4, 4], 23.149093466361077), ([1, 8, 6, 2, 7, 9, 3, 5, 10, 4], 23.149093466361077)]
[([0, 4, 0], 20.227023783183682), ([1, 8, 6, 5, 9, 10, 3, 7, 2, 4], 20.227023783183682)]
[([0, 4, 4], 18.30729759326028), ([1, 5, 9, 10, 3, 6, 8, 7, 2, 4], 18.30729759326028)]
[([0, 4, 0], 21.397267303062065), ([1, 8, 6, 9, 3, 10, 5, 7, 2, 4], 21.397267303062065)]
[([0, 4, 4], 21.79411207269264), ([1, 8, 6, 10, 5, 3, 9, 2, 7, 4], 21.79411207269264)]
[([0, 4, 4], 22.71240660116009), ([1, 6, 8, 7, 2, 9, 10, 3, 5, 4], 22.71240660116009)]
[([0, 4, 4], 22.456611889000452), ([1, 6, 8, 5, 3, 10, 9, 7, 2, 4], 22.456611889000452)]
[([0, 4, 4], 20.843647943433876), ([1, 8, 6, 2, 7, 10, 9, 5, 3, 4], 20.843647943433876)]
[([0, 4, 4], 19.670828563726978), ([1, 7, 2, 6, 8, 5, 10, 3, 9, 4], 19.670828563726978)]
[([0, 4, 4], 20.872773068412144), ([1, 8, 6, 2, 7, 10, 5, 9, 3, 4], 20.872773068412144)]
[([0, 4, 0], 22.472645020764244), ([1, 8, 6, 2, 7, 5, 10, 3, 9, 4], 22.472645020764244)]
[([0, 4, 4], 22.581470382309544), ([1, 6, 8, 3, 10, 5, 9, 7, 2, 4], 22.581470382309544)]
[([0, 4, 4], 23.495303632929968), ([1, 8, 6, 2, 7, 9, 3, 10, 5, 4], 23.495303632929968)]
[([0, 4, 0], 22.746992658637513), ([1, 6, 8, 7, 2, 9, 3, 10, 5, 4], 22.746992658637513)]
[([0, 4, 0], 20.25212288638444), ([1, 6, 8, 2, 10, 3, 5, 9, 7, 4], 20.25212288638444)]
[([0, 4, 0], 22.946580355701602), ([1, 8, 6, 7, 2, 9, 3, 10, 5, 4], 22.946580355701602)]
[([0, 4, 0], 22.490422714049252), ([1, 6, 8, 5, 10, 3, 9, 7, 2, 4], 22.490422714049252)]
[([0, 4, 4], 20.219135084180476), ([1, 8, 6, 7, 10, 3, 5, 9, 2, 4], 20.219135084180476)]
[([0, 4, 4], 21.105704354095042), ([1, 8, 6, 2, 7, 10, 3, 9, 5, 4], 21.105704354095042)]
[([0, 4, 0], 21.99097051852997), ([1, 8, 6, 7, 2, 10, 3, 5, 9, 4], 21.99097051852997)]
[([0, 4, 0], 21.356823547243643), ([1, 6, 8, 9, 3, 10, 5, 7, 2, 4], 21.356823547243643)]
[([0, 4, 4], 19.872194610130606), ([1, 6, 8, 10, 9, 3, 5, 2, 7, 4], 19.872194610130606)]
[([0, 4, 4], 22.581470382309544), ([1, 6, 8, 3, 10, 5, 9, 7, 2, 4], 22.581470382309544)]
[([0, 4, 4], 18.891211596290393), ([1, 7, 9, 5, 10, 3, 2, 6, 8, 4], 18.891211596290393)]

