Qui 28 Abr 2016 18:41:34 WEST
Qui 28 Abr 2016 18:41:45 WEST
[([0, 0, 2], 1.993959787141817), ([1, 4, 9, 3, 5, 7, 6, 8, 10, 2], 1.993959787141817)]
Thu Apr 28 18:45:03 2016
[([0, 0, 2], 1.9407074531060298), ([1, 8, 7, 6, 3, 5, 9, 4, 10, 2], 1.9407074531060298)]
[([0, 0, 2], 1.8650052416691199), ([1, 8, 7, 6, 5, 3, 9, 4, 10, 2], 1.8650052416691199)]
Thu Apr 28 18:47:07 2016
[([0, 0, 2], 1.9302401866270562), ([1, 8, 6, 7, 3, 5, 4, 9, 10, 2], 1.9302401866270562)]
[([0, 0, 2], 1.9375806835792686), ([1, 9, 4, 3, 5, 7, 8, 6, 10, 2], 1.9375806835792686)]
[([0, 0, 2], 1.9614673676931138), ([1, 4, 9, 3, 5, 6, 7, 8, 10, 2], 1.9614673676931138)]
[([0, 0, 2], 2.082489090810732), ([1, 4, 9, 5, 3, 7, 6, 8, 10, 2], 2.082489090810732)]
[([0, 0, 2], 1.8910824255884044), ([1, 10, 6, 7, 8, 3, 5, 9, 4, 2], 1.8910824255884044)]
[([0, 0, 2], 2.082489090810732), ([1, 4, 9, 5, 3, 7, 6, 8, 10, 2], 2.082489090810732)]
[([0, 0, 2], 1.8858993954779617), ([1, 4, 9, 6, 7, 5, 3, 8, 10, 2], 1.8858993954779617)]
[([0, 0, 2], 2.056312384115964), ([1, 9, 4, 5, 3, 7, 6, 8, 10, 2], 2.056312384115964)]
[([0, 0, 2], 1.993959787141817), ([1, 4, 9, 3, 5, 7, 6, 8, 10, 2], 1.993959787141817)]
[([0, 0, 2], 1.9614673676931138), ([1, 4, 9, 3, 5, 6, 7, 8, 10, 2], 1.9614673676931138)]
[([0, 0, 2], 1.85104018553188), ([1, 10, 4, 9, 5, 3, 8, 6, 7, 2], 1.85104018553188)]
[([0, 0, 2], 2.082489090810732), ([1, 4, 9, 5, 3, 7, 6, 8, 10, 2], 2.082489090810732)]
[([0, 0, 2], 1.892396051159301), ([1, 10, 4, 9, 5, 3, 6, 7, 8, 2], 1.892396051159301)]
[([0, 0, 2], 1.9674805989019675), ([1, 4, 9, 3, 5, 8, 7, 6, 10, 2], 1.9674805989019675)]
[([0, 0, 2], 1.9058238305344073), ([1, 10, 8, 7, 6, 3, 5, 9, 4, 2], 1.9058238305344073)]
[([0, 0, 2], 2.082489090810732), ([1, 4, 9, 5, 3, 7, 6, 8, 10, 2], 2.082489090810732)]
[([0, 0, 2], 1.8661263370844623), ([1, 4, 5, 3, 7, 6, 8, 9, 10, 2], 1.8661263370844623)]
[([0, 0, 2], 1.886672371515487), ([1, 9, 4, 7, 3, 5, 6, 8, 10, 2], 1.886672371515487)]
[([0, 0, 2], 1.8940339332933167), ([1, 4, 9, 8, 7, 3, 5, 6, 10, 2], 1.8940339332933167)]
[([0, 0, 2], 1.8204949334097449), ([1, 6, 7, 3, 5, 8, 4, 9, 10, 2], 1.8204949334097449)]
[([0, 0, 2], 1.9006950982013944), ([1, 9, 4, 7, 6, 3, 5, 8, 10, 2], 1.9006950982013944)]
[([0, 0, 2], 2.045379231017864), ([1, 4, 9, 5, 3, 6, 7, 8, 10, 2], 2.045379231017864)]
[([0, 0, 2], 1.993959787141817), ([1, 4, 9, 3, 5, 7, 6, 8, 10, 2], 1.993959787141817)]
[([0, 0, 2], 1.9800294389446307), ([1, 9, 4, 3, 5, 7, 6, 8, 10, 2], 1.9800294389446307)]
[([0, 0, 2], 1.9189192790614693), ([1, 4, 9, 8, 6, 7, 3, 5, 10, 2], 1.9189192790614693)]
[([0, 0, 2], 1.8663872501474505), ([1, 4, 9, 5, 8, 6, 7, 3, 10, 2], 1.8663872501474505)]
[([0, 0, 2], 1.8834248081852798), ([1, 4, 9, 8, 5, 3, 6, 7, 10, 2], 1.8834248081852798)]
[([0, 0, 2], 2.045379231017864), ([1, 4, 9, 5, 3, 6, 7, 8, 10, 2], 2.045379231017864)]
[([0, 0, 2], 1.9375806835792686), ([1, 9, 4, 3, 5, 7, 8, 6, 10, 2], 1.9375806835792686)]
[([0, 0, 2], 2.082489090810732), ([1, 4, 9, 5, 3, 7, 6, 8, 10, 2], 2.082489090810732)]

Thu Apr 28 20:24:51 2016
[([0, 0, 2], 2.082489090810732), ([1, 4, 9, 5, 3, 7, 6, 8, 10, 2], 2.082489090810732)]
[([0, 0, 2], 2.082489090810732), ([1, 4, 9, 5, 3, 7, 6, 8, 10, 2], 2.082489090810732)]
[([0, 0, 2], 1.972947444983389), ([1, 4, 9, 5, 3, 6, 8, 7, 10, 2], 1.972947444983389)]
[([0, 0, 2], 1.9222628294040758), ([1, 9, 4, 6, 7, 3, 5, 8, 10, 2], 1.9222628294040758)]
[([0, 0, 2], 1.9411872190763626), ([1, 4, 9, 3, 5, 8, 6, 7, 10, 2], 1.9411872190763626)]
[([0, 0, 2], 2.0355855518790076), ([1, 4, 9, 5, 3, 7, 8, 6, 10, 2], 2.0355855518790076)]
[([0, 0, 2], 1.907675865890393), ([1, 4, 9, 6, 7, 3, 5, 8, 10, 2], 1.907675865890393)]
[([0, 0, 2], 2.0355855518790076), ([1, 4, 9, 5, 3, 7, 8, 6, 10, 2], 2.0355855518790076)]
[([0, 0, 2], 1.885100431331417), ([1, 9, 8, 6, 7, 3, 5, 4, 10, 2], 1.885100431331417)]
Thu Apr 28 20:38:46 2016
[([0, 0, 2], 1.9740853318040594), ([1, 8, 6, 7, 3, 5, 9, 4, 10, 2], 1.9740853318040594)]
[([0, 0, 2], 1.862871068139734), ([1, 8, 6, 7, 5, 3, 4, 9, 10, 2], 1.862871068139734)]
[([0, 0, 2], 2.0355855518790076), ([1, 4, 9, 5, 3, 7, 8, 6, 10, 2], 2.0355855518790076)]
[([0, 0, 2], 1.9614673676931138), ([1, 4, 9, 3, 5, 6, 7, 8, 10, 2], 1.9614673676931138)]
[([0, 0, 2], 1.9229273981595838), ([1, 9, 5, 3, 7, 6, 8, 4, 10, 2], 1.9229273981595838)]
[([0, 0, 2], 1.9222628294040758), ([1, 9, 4, 6, 7, 3, 5, 8, 10, 2], 1.9222628294040758)]
[([0, 0, 2], 1.900153989808334), ([1, 9, 4, 6, 7, 5, 3, 8, 10, 2], 1.900153989808334)]
[([0, 0, 2], 1.9380026311001584), ([1, 10, 8, 6, 7, 3, 5, 9, 4, 2], 1.9380026311001584)]
[([0, 0, 2], 1.9509181325419216), ([1, 4, 9, 3, 5, 7, 8, 6, 10, 2], 1.9509181325419216)]
[([0, 0, 2], 2.028409492875389), ([1, 4, 9, 5, 3, 8, 7, 6, 10, 2], 2.028409492875389)]
[([0, 0, 2], 1.8466614143173432), ([1, 6, 7, 3, 5, 4, 9, 8, 10, 2], 1.8466614143173432)]
[([0, 0, 2], 2.028409492875389), ([1, 4, 9, 5, 3, 8, 7, 6, 10, 2], 2.028409492875389)]
[([0, 0, 2], 2.045379231017864), ([1, 4, 9, 5, 3, 6, 7, 8, 10, 2], 2.045379231017864)]
[([0, 0, 2], 1.8829466057112088), ([1, 6, 7, 3, 5, 9, 4, 8, 10, 2], 1.8829466057112088)]
[([0, 0, 2], 1.8479396121480356), ([1, 6, 7, 8, 5, 3, 9, 4, 10, 2], 1.8479396121480356)]
[([0, 0, 2], 2.000473953002376), ([1, 4, 9, 5, 3, 8, 6, 7, 10, 2], 2.000473953002376)]
[([0, 0, 2], 1.8386745774099684), ([1, 7, 6, 8, 5, 3, 9, 4, 10, 2], 1.8386745774099684)]
[([0, 0, 2], 1.8267230281295659), ([1, 4, 6, 7, 8, 3, 5, 9, 10, 2], 1.8267230281295659)]
[([0, 0, 2], 1.908193989917087), ([1, 9, 4, 8, 7, 5, 3, 6, 10, 2], 1.908193989917087)]
[([0, 0, 2], 2.0355855518790076), ([1, 4, 9, 5, 3, 7, 8, 6, 10, 2], 2.0355855518790076)]
[([0, 0, 2], 1.8390545425570402), ([1, 8, 3, 5, 9, 4, 7, 6, 10, 2], 1.8390545425570402)]
[([0, 0, 2], 1.814753133732975), ([1, 3, 5, 7, 6, 8, 4, 9, 10, 2], 1.814753133732975)]
[([0, 0, 2], 1.9222628294040758), ([1, 9, 4, 6, 7, 3, 5, 8, 10, 2], 1.9222628294040758)]
[([0, 0, 2], 1.8539451725716944), ([1, 10, 8, 4, 9, 5, 3, 7, 6, 2], 1.8539451725716944)]
[([0, 0, 2], 2.082489090810732), ([1, 4, 9, 5, 3, 7, 6, 8, 10, 2], 2.082489090810732)]
[([0, 0, 2], 1.9222628294040758), ([1, 9, 4, 6, 7, 3, 5, 8, 10, 2], 1.9222628294040758)]
[([0, 0, 2], 1.8673271415813477), ([1, 5, 3, 7, 6, 8, 4, 9, 10, 2], 1.8673271415813477)]
[([0, 0, 2], 1.993959787141817), ([1, 4, 9, 3, 5, 7, 6, 8, 10, 2], 1.993959787141817)]
[([0, 0, 2], 1.8858993954779617), ([1, 4, 9, 6, 7, 5, 3, 8, 10, 2], 1.8858993954779617)]
[([0, 0, 2], 1.9674805989019675), ([1, 4, 9, 3, 5, 8, 7, 6, 10, 2], 1.9674805989019675)]

