Fri Apr 29 08:20:20 2016
[([0, 0, 4], 25.235913912736898), ([1, 7, 8, 5, 2, 9, 6, 10, 3, 4], 25.235913912736898)]
[([0, 0, 7], 20.374004506871735), ([1, 4, 3, 10, 6, 2, 9, 5, 8, 7], 20.374004506871735)]
[([0, 0, 4], 20.408603044689592), ([1, 8, 7, 5, 2, 10, 6, 9, 3, 4], 20.408603044689592)]
[([0, 0, 3], 22.08095799670391), ([1, 4, 10, 6, 9, 2, 5, 8, 7, 3], 22.08095799670391)]
[([0, 0, 4], 20.899337330056017), ([1, 3, 7, 5, 8, 2, 9, 6, 10, 4], 20.899337330056017)]
[([0, 0, 7], 21.792363696439015), ([1, 4, 10, 3, 6, 9, 2, 5, 8, 7], 21.792363696439015)]
[([0, 0, 4], 21.21578996235093), ([1, 7, 5, 8, 2, 6, 9, 10, 3, 4], 21.21578996235093)]
[([0, 0, 4], 25.235913912736898), ([1, 7, 8, 5, 2, 9, 6, 10, 3, 4], 25.235913912736898)]
[([0, 0, 4], 23.27704584797011), ([1, 3, 7, 8, 5, 2, 9, 6, 10, 4], 23.27704584797011)]
[([0, 0, 4], 20.692332461078372), ([1, 5, 7, 8, 2, 9, 6, 10, 3, 4], 20.692332461078372)]
[([0, 0, 7], 22.685621650370557), ([1, 4, 3, 10, 9, 6, 2, 5, 8, 7], 22.685621650370557)]
[([0, 0, 4], 23.27704584797011), ([1, 3, 7, 8, 5, 2, 9, 6, 10, 4], 23.27704584797011)]
[([0, 0, 4], 22.109890192296653), ([1, 7, 8, 5, 2, 6, 10, 9, 3, 4], 22.109890192296653)]
[([0, 0, 7], 21.22572752958893), ([1, 4, 3, 9, 10, 6, 2, 5, 8, 7], 21.22572752958893)]
[([0, 0, 4], 20.346265912132765), ([1, 10, 3, 7, 8, 5, 2, 9, 6, 4], 20.346265912132765)]
[([0, 0, 4], 21.229645741709962), ([1, 8, 7, 5, 2, 9, 10, 6, 3, 4], 21.229645741709962)]
[([0, 0, 7], 18.88222123867825), ([1, 4, 8, 5, 2, 9, 10, 6, 3, 7], 18.88222123867825)]
[([0, 0, 7], 19.428946021653974), ([1, 4, 3, 5, 2, 9, 6, 10, 8, 7], 19.428946021653974)]
[([0, 0, 4], 20.12905859750991), ([1, 7, 8, 5, 9, 6, 2, 10, 3, 4], 20.12905859750991)]
[([0, 0, 4], 23.670277254256042), ([1, 7, 8, 5, 2, 6, 9, 10, 3, 4], 23.670277254256042)]
[([0, 0, 7], 19.499104522463423), ([1, 5, 2, 9, 6, 10, 3, 4, 8, 7], 19.499104522463423)]
[([0, 0, 4], 20.864460097310644), ([1, 6, 10, 9, 2, 5, 8, 7, 3, 4], 20.864460097310644)]
[([0, 0, 7], 23.302097820919816), ([1, 3, 4, 10, 6, 9, 2, 5, 8, 7], 23.302097820919816)]
[([0, 0, 7], 19.385587873948207), ([1, 4, 10, 9, 3, 6, 2, 5, 8, 7], 19.385587873948207)]
[([0, 0, 7], 19.98126159353277), ([1, 4, 3, 6, 10, 9, 2, 8, 5, 7], 19.98126159353277)]
[([0, 0, 4], 19.362199431576872), ([1, 5, 2, 8, 7, 9, 6, 10, 3, 4], 19.362199431576872)]
[([0, 0, 7], 21.274886611961225), ([1, 4, 3, 9, 6, 10, 2, 5, 8, 7], 21.274886611961225)]
[([0, 0, 4], 23.670277254256042), ([1, 7, 8, 5, 2, 6, 9, 10, 3, 4], 23.670277254256042)]
[([0, 0, 3], 20.815996782063756), ([1, 10, 6, 9, 2, 5, 8, 7, 4, 3], 20.815996782063756)]
[([0, 0, 3], 19.222048879021212), ([1, 4, 9, 6, 10, 2, 5, 8, 7, 3], 19.222048879021212)]

