Fri Apr 29 05:39:15 2016
[([0, 0, 7], 20.933879596301306), ([1, 3, 6, 4, 5, 2, 9, 8, 10, 7], 20.933879596301306)]
[([0, 0, 10], 22.783481773061972), ([1, 7, 3, 6, 4, 8, 9, 2, 5, 10], 22.783481773061972)]
[([0, 0, 7], 21.343884940201512), ([1, 10, 3, 6, 4, 8, 9, 2, 5, 7], 21.343884940201512)]
[([0, 0, 10], 20.349072041737987), ([1, 7, 3, 4, 6, 9, 8, 5, 2, 10], 20.349072041737987)]
[([0, 0, 10], 20.884822359887963), ([1, 7, 3, 4, 6, 9, 8, 2, 5, 10], 20.884822359887963)]
[([0, 0, 7], 24.320698624842215), ([1, 3, 6, 4, 8, 9, 2, 5, 10, 7], 24.320698624842215)]
[([0, 0, 10], 21.203520682730087), ([1, 7, 6, 3, 4, 8, 9, 2, 5, 10], 21.203520682730087)]
[([0, 0, 7], 21.939788787771647), ([1, 10, 5, 2, 9, 8, 4, 3, 6, 7], 21.939788787771647)]
[([0, 0, 7], 21.939788787771647), ([1, 10, 5, 2, 9, 8, 4, 3, 6, 7], 21.939788787771647)]
[([0, 0, 7], 22.001214382683678), ([1, 3, 6, 4, 8, 2, 5, 9, 10, 7], 22.001214382683678)]
[([0, 0, 7], 24.320698624842215), ([1, 3, 6, 4, 8, 9, 2, 5, 10, 7], 24.320698624842215)]
[([0, 0, 10], 20.926207911052895), ([1, 3, 6, 4, 8, 9, 2, 5, 7, 10], 20.926207911052895)]
[([0, 0, 7], 20.02412063350256), ([1, 10, 9, 5, 2, 8, 6, 4, 3, 7], 20.02412063350256)]
[([0, 0, 10], 19.617142609621105), ([1, 7, 3, 6, 4, 2, 5, 8, 9, 10], 19.617142609621105)]
[([0, 0, 10], 21.191819322848655), ([1, 7, 3, 4, 6, 8, 9, 2, 5, 10], 21.191819322848655)]
[([0, 0, 7], 21.02018526489315), ([1, 6, 4, 3, 9, 8, 2, 5, 10, 7], 21.02018526489315)]
[([0, 0, 3], 18.801588987705053), ([1, 10, 7, 5, 2, 8, 9, 4, 6, 3], 18.801588987705053)]
[([0, 0, 10], 20.884822359887963), ([1, 7, 3, 4, 6, 9, 8, 2, 5, 10], 20.884822359887963)]
[([0, 0, 10], 18.849426057521335), ([1, 7, 3, 4, 6, 5, 9, 8, 2, 10], 18.849426057521335)]
[([0, 0, 7], 19.09389260438918), ([1, 3, 2, 5, 9, 8, 4, 6, 10, 7], 19.09389260438918)]
[([0, 0, 10], 18.840178154817917), ([1, 5, 2, 8, 9, 4, 3, 6, 7, 10], 18.840178154817917)]
[([0, 0, 10], 21.203520682730087), ([1, 7, 6, 3, 4, 8, 9, 2, 5, 10], 21.203520682730087)]
[([0, 0, 10], 22.52830837252624), ([1, 7, 3, 6, 4, 8, 9, 5, 2, 10], 22.52830837252624)]
[([0, 0, 7], 19.31650915077422), ([1, 3, 6, 9, 5, 2, 8, 4, 10, 7], 19.31650915077422)]
[([0, 0, 7], 20.250407260852455), ([1, 10, 5, 8, 2, 9, 4, 6, 3, 7], 20.250407260852455)]
[([0, 0, 10], 22.783481773061972), ([1, 7, 3, 6, 4, 8, 9, 2, 5, 10], 22.783481773061972)]
[([0, 0, 7], 21.642655332387278), ([1, 3, 6, 4, 8, 5, 2, 9, 10, 7], 21.642655332387278)]
[([0, 0, 7], 24.034085081038278), ([1, 3, 6, 4, 8, 9, 5, 2, 10, 7], 24.034085081038278)]
[([0, 0, 7], 22.11482105955018), ([1, 6, 3, 4, 9, 8, 2, 5, 10, 7], 22.11482105955018)]
[([0, 0, 3], 21.448713935283976), ([1, 7, 10, 5, 2, 9, 8, 4, 6, 3], 21.448713935283976)]

