Fri Apr 29 03:50:23 2016
[([9, 0, 9], 2.199799965807443), ([1, 5, 7, 4, 2, 6, 3, 10, 8, 9], 2.199799965807443)]
[([9, 0, 0], 2.28461224283414), ([1, 5, 8, 10, 6, 3, 2, 4, 7, 9], 2.28461224283414)]
[([9, 0, 9], 2.397087867217071), ([1, 5, 8, 10, 6, 3, 4, 2, 7, 9], 2.397087867217071)]
[([9, 0, 0], 2.3400278088925854), ([1, 7, 2, 4, 3, 10, 6, 8, 5, 9], 2.3400278088925854)]
[([9, 0, 0], 2.4746720731218845), ([1, 7, 2, 4, 3, 6, 10, 8, 5, 9], 2.4746720731218845)]
[([9, 0, 0], 2.157618028991416), ([1, 8, 10, 6, 3, 2, 4, 7, 5, 9], 2.157618028991416)]
[([9, 0, 0], 2.182218663494242), ([1, 4, 2, 7, 10, 3, 6, 8, 5, 9], 2.182218663494242)]
[([9, 0, 0], 2.28461224283414), ([1, 5, 8, 10, 6, 3, 2, 4, 7, 9], 2.28461224283414)]
[([9, 0, 0], 2.3003280018086527), ([1, 5, 7, 2, 4, 6, 3, 10, 8, 9], 2.3003280018086527)]
[([9, 0, 9], 2.0744881112048477), ([1, 3, 6, 10, 8, 5, 7, 2, 4, 9], 2.0744881112048477)]
[([9, 0, 9], 2.066314455931845), ([1, 5, 8, 7, 4, 2, 6, 3, 10, 9], 2.066314455931845)]
[([9, 0, 9], 2.222220506423277), ([1, 7, 4, 2, 10, 6, 3, 8, 5, 9], 2.222220506423277)]
[([9, 0, 0], 2.187632304561016), ([1, 5, 7, 2, 4, 10, 6, 3, 8, 9], 2.187632304561016)]
[([9, 0, 0], 2.039621271430798), ([1, 2, 7, 5, 8, 10, 3, 6, 4, 9], 2.039621271430798)]
[([9, 0, 9], 2.025014879730581), ([1, 8, 5, 10, 6, 3, 2, 4, 7, 9], 2.025014879730581)]
[([9, 0, 0], 2.1407404198813413), ([1, 2, 4, 3, 6, 10, 8, 5, 7, 9], 2.1407404198813413)]
[([9, 0, 0], 2.0600926635679544), ([1, 2, 7, 5, 8, 10, 6, 3, 4, 9], 2.0600926635679544)]
[([9, 0, 9], 2.199799965807443), ([1, 5, 7, 4, 2, 6, 3, 10, 8, 9], 2.199799965807443)]
[([9, 0, 9], 2.0428062109547906), ([1, 2, 4, 3, 6, 10, 7, 8, 5, 9], 2.0428062109547906)]
[([9, 0, 9], 2.2331002579178647), ([1, 8, 10, 3, 6, 4, 2, 7, 5, 9], 2.2331002579178647)]
[([9, 0, 0], 2.260020403409613), ([1, 5, 8, 10, 6, 3, 4, 7, 2, 9], 2.260020403409613)]
[([9, 0, 9], 2.4746720731218845), ([1, 7, 2, 4, 3, 6, 10, 8, 5, 9], 2.4746720731218845)]
[([9, 0, 0], 2.2705379403330355), ([1, 5, 8, 6, 10, 3, 4, 2, 7, 9], 2.2705379403330355)]
[([9, 0, 9], 2.3003280018086527), ([1, 5, 7, 2, 4, 6, 3, 10, 8, 9], 2.3003280018086527)]
[([9, 0, 9], 2.397087867217071), ([1, 5, 8, 10, 6, 3, 4, 2, 7, 9], 2.397087867217071)]
[([9, 0, 9], 2.120190470882854), ([1, 7, 5, 8, 10, 3, 6, 4, 2, 9], 2.120190470882854)]
[([9, 0, 0], 2.12162632549057), ([1, 2, 4, 7, 5, 8, 10, 6, 3, 9], 2.12162632549057)]
[([9, 0, 9], 2.397087867217071), ([1, 5, 8, 10, 6, 3, 4, 2, 7, 9], 2.397087867217071)]
[([9, 0, 9], 2.2705379403330355), ([1, 5, 8, 6, 10, 3, 4, 2, 7, 9], 2.2705379403330355)]
[([9, 0, 9], 1.9790300686504867), ([1, 3, 10, 6, 8, 5, 7, 2, 4, 9], 1.9790300686504867)]

