Fri Apr 29 01:34:25 2016
[([0, 0, 3], 15.80895940672826), ([1, 5, 2, 7, 4, 6, 8, 9, 10, 3], 15.80895940672826)]
[([0, 0, 9], 16.438798587824177), ([1, 5, 3, 7, 4, 8, 6, 2, 9, 10], 16.438798587824177)]
[([0, 0, 3], 15.551448616231298), ([1, 9, 10, 5, 7, 4, 8, 6, 2, 3], 15.551448616231298)]
[([0, 0, 2], 15.709192509836482), ([1, 3, 7, 4, 5, 10, 9, 8, 6, 2], 15.709192509836482)]
[([0, 0, 9], 15.7942141397226), ([1, 5, 7, 3, 4, 6, 8, 2, 9, 10], 15.7942141397226)]
[([0, 0, 3], 19.748547432559565), ([1, 5, 10, 9, 8, 6, 2, 4, 7, 3], 19.748547432559565)]
[([0, 0, 9], 15.757877230025771), ([1, 10, 3, 7, 4, 2, 6, 8, 9, 5], 15.757877230025771)]
[([0, 0, 3], 15.639632220450697), ([1, 9, 6, 8, 2, 10, 5, 4, 7, 3], 15.639632220450697)]
[([0, 0, 3], 17.549050632697273), ([1, 5, 10, 9, 6, 2, 8, 4, 7, 3], 17.549050632697273)]
[([0, 0, 3], 16.027636129034686), ([1, 10, 9, 5, 4, 7, 6, 8, 2, 3], 16.027636129034686)]
[([0, 0, 9], 15.842282751459521), ([1, 5, 7, 3, 4, 2, 6, 8, 9, 10], 15.842282751459521)]
[([0, 0, 3], 15.562698592671309), ([1, 5, 9, 2, 6, 8, 10, 4, 7, 3], 15.562698592671309)]
[([0, 0, 9], 17.107905053843673), ([1, 5, 3, 7, 4, 6, 8, 2, 9, 10], 17.107905053843673)]
[([0, 0, 9], 15.709421901100646), ([1, 10, 3, 7, 4, 6, 8, 2, 9, 5], 15.709421901100646)]
[([0, 0, 9], 15.411333260575091), ([1, 5, 4, 3, 7, 6, 8, 2, 9, 10], 15.411333260575091)]
[([0, 0, 9], 16.56263237107792), ([1, 3, 7, 4, 8, 6, 2, 5, 9, 10], 16.56263237107792)]
[([0, 0, 9], 16.27931231415699), ([1, 10, 5, 3, 7, 4, 2, 6, 8, 9], 16.27931231415699)]
[([0, 0, 3], 14.912209423956252), ([1, 5, 10, 9, 4, 7, 6, 2, 8, 3], 14.912209423956252)]
[([0, 0, 3], 16.12333279233584), ([1, 10, 9, 8, 5, 2, 6, 4, 7, 3], 16.12333279233584)]
[([0, 0, 9], 17.152889081999255), ([1, 3, 7, 4, 2, 6, 8, 9, 10, 5], 17.152889081999255)]
[([0, 0, 9], 14.580998088605355), ([1, 10, 3, 4, 7, 6, 8, 2, 5, 9], 14.580998088605355)]
[([0, 0, 9], 17.24206591491213), ([1, 3, 7, 4, 6, 8, 2, 5, 9, 10], 17.24206591491213)]
[([0, 0, 9], 15.094108574376293), ([1, 7, 3, 4, 2, 6, 8, 9, 10, 5], 15.094108574376293)]
[([0, 0, 2], 15.073532514784938), ([1, 10, 9, 8, 6, 7, 3, 4, 2, 5], 15.073532514784938)]
[([0, 0, 3], 16.37616364231008), ([1, 9, 10, 5, 8, 2, 6, 7, 4, 3], 16.37616364231008)]
[([0, 0, 3], 17.28769011021987), ([1, 10, 9, 8, 6, 2, 5, 7, 4, 3], 17.28769011021987)]
[([0, 0, 9], 14.41992445693945), ([1, 4, 6, 8, 2, 7, 3, 5, 9, 10], 14.41992445693945)]
[([0, 0, 3], 14.839861031538348), ([1, 5, 10, 8, 2, 6, 9, 7, 4, 3], 14.839861031538348)]
[([0, 0, 3], 14.522304899358605), ([1, 4, 7, 6, 8, 5, 10, 9, 2, 3], 14.522304899358605)]
[([0, 0, 9], 16.61867355996345), ([1, 3, 4, 7, 6, 8, 2, 5, 9, 10], 16.61867355996345)]

