Thu Apr 28 23:46:22 2016
[([0, 0, 6], 20.90316479148314), ([1, 8, 5, 2, 3, 4, 9, 7, 10, 6], 20.90316479148314)]
[([0, 0, 6], 21.167770984156675), ([1, 10, 7, 9, 5, 2, 8, 3, 4, 6], 21.167770984156675)]
[([0, 0, 4], 22.86219516129588), ([1, 6, 9, 10, 7, 5, 2, 8, 3, 4], 22.86219516129588)]
[([0, 0, 6], 22.380781516988907), ([1, 4, 3, 8, 5, 2, 7, 9, 10, 6], 22.380781516988907)]
[([0, 0, 4], 20.474595516338834), ([1, 9, 10, 7, 2, 5, 8, 3, 6, 4], 20.474595516338834)]
[([0, 0, 6], 22.068920415526446), ([1, 9, 10, 7, 5, 2, 8, 3, 4, 6], 22.068920415526446)]
[([0, 0, 6], 21.236281702359264), ([1, 8, 5, 2, 7, 10, 9, 3, 4, 6], 21.236281702359264)]
[([0, 0, 4], 21.321882295052376), ([1, 6, 10, 9, 7, 8, 5, 2, 3, 4], 21.321882295052376)]
[([0, 0, 6], 22.05408481812958), ([1, 4, 9, 10, 7, 5, 2, 8, 3, 6], 22.05408481812958)]
[([0, 0, 6], 22.147669900943296), ([1, 9, 10, 7, 2, 5, 8, 3, 4, 6], 22.147669900943296)]
[([0, 0, 4], 21.654495106124074), ([1, 6, 9, 10, 7, 8, 2, 5, 3, 4], 21.654495106124074)]
[([0, 0, 6], 21.063575543859585), ([1, 4, 5, 2, 8, 3, 7, 10, 9, 6], 21.063575543859585)]
[([0, 0, 4], 21.48121488032755), ([1, 6, 7, 10, 9, 2, 5, 8, 3, 4], 21.48121488032755)]
[([0, 0, 4], 21.21370527920809), ([1, 3, 8, 5, 2, 9, 7, 10, 6, 4], 21.21370527920809)]
[([0, 0, 6], 21.39521975483867), ([1, 3, 2, 8, 5, 7, 10, 9, 4, 6], 21.39521975483867)]
[([0, 0, 6], 22.05408481812958), ([1, 4, 9, 10, 7, 5, 2, 8, 3, 6], 22.05408481812958)]
[([0, 0, 6], 21.473910837353888), ([1, 4, 8, 2, 5, 3, 9, 7, 10, 6], 21.473910837353888)]
[([0, 0, 6], 20.28821867231124), ([1, 4, 10, 7, 9, 3, 8, 5, 2, 6], 20.28821867231124)]
[([0, 0, 6], 21.447838803893372), ([1, 3, 8, 2, 5, 9, 7, 10, 4, 6], 21.447838803893372)]
[([0, 0, 4], 20.776728087897578), ([1, 6, 10, 7, 9, 2, 5, 3, 8, 4], 20.776728087897578)]
[([0, 0, 6], 20.90316479148314), ([1, 8, 5, 2, 3, 4, 9, 7, 10, 6], 20.90316479148314)]
[([0, 0, 4], 21.321882295052376), ([1, 6, 10, 9, 7, 8, 5, 2, 3, 4], 21.321882295052376)]
[([0, 0, 6], 21.309850306270803), ([1, 10, 7, 9, 2, 5, 8, 3, 4, 6], 21.309850306270803)]
[([0, 0, 6], 22.544097458615273), ([1, 3, 8, 2, 5, 7, 10, 9, 4, 6], 22.544097458615273)]
[([0, 0, 6], 20.889221266131642), ([1, 5, 2, 8, 3, 7, 10, 9, 4, 6], 20.889221266131642)]
[([0, 0, 6], 22.13272827347472), ([1, 4, 9, 10, 7, 2, 5, 8, 3, 6], 22.13272827347472)]
[([0, 0, 4], 22.86219516129588), ([1, 6, 9, 10, 7, 5, 2, 8, 3, 4], 22.86219516129588)]
[([0, 0, 4], 21.499958932367765), ([1, 6, 9, 7, 10, 2, 5, 8, 3, 4], 21.499958932367765)]
[([0, 0, 6], 22.13272827347472), ([1, 4, 9, 10, 7, 2, 5, 8, 3, 6], 22.13272827347472)]
[([0, 0, 4], 21.494600151869484), ([1, 3, 8, 2, 5, 7, 10, 9, 6, 4], 21.494600151869484)]

