Fri Apr 29 02:55:00 2016
[([0, 9, 0], 21.34453732676878), ([1, 8, 6, 7, 3, 5, 4, 2, 10, 9], 21.34453732676878)]
[([0, 8, 0], 23.080701715351065), ([1, 7, 6, 3, 4, 5, 10, 2, 9, 8], 23.080701715351065)]
[([0, 8, 0], 24.36213525301344), ([1, 9, 3, 5, 4, 10, 2, 6, 7, 8], 24.36213525301344)]
[([0, 8, 0], 23.779247182706097), ([1, 6, 7, 3, 2, 5, 4, 10, 9, 8], 23.779247182706097)]
[([0, 8, 0], 25.143069004418944), ([1, 7, 6, 3, 5, 4, 10, 2, 9, 8], 25.143069004418944)]
[([0, 9, 0], 19.04154622310495), ([1, 8, 10, 4, 5, 7, 3, 6, 2, 9], 19.04154622310495)]
[([0, 9, 9], 18.843939010999925), ([1, 8, 10, 4, 5, 2, 6, 7, 3, 9], 18.843939010999925)]
[([0, 8, 0], 23.58870760518707), ([1, 7, 6, 2, 10, 4, 5, 3, 9, 8], 23.58870760518707)]
[([0, 8, 0], 26.416085277276654), ([1, 6, 7, 3, 5, 4, 10, 2, 9, 8], 26.416085277276654)]
[([0, 8, 0], 25.68029260425053), ([1, 6, 9, 2, 10, 4, 5, 3, 7, 8], 25.68029260425053)]
[([0, 8, 0], 25.445677311559358), ([1, 7, 3, 5, 4, 10, 2, 9, 6, 8], 25.445677311559358)]
[([0, 9, 0], 22.509538417228512), ([1, 8, 6, 7, 3, 5, 4, 10, 2, 9], 22.509538417228512)]
[([0, 8, 0], 22.65629646705014), ([1, 3, 7, 6, 9, 5, 4, 10, 2, 8], 22.65629646705014)]
[([0, 8, 0], 22.937289051245973), ([1, 2, 6, 9, 10, 4, 5, 3, 7, 8], 22.937289051245973)]
[([0, 8, 0], 21.70326847808667), ([1, 2, 5, 4, 10, 7, 6, 3, 9, 8], 21.70326847808667)]
[([0, 8, 0], 25.56736456660583), ([1, 9, 10, 2, 4, 5, 3, 7, 6, 8], 25.56736456660583)]
[([0, 9, 0], 20.10504600907822), ([1, 8, 10, 2, 4, 5, 3, 7, 6, 9], 20.10504600907822)]
[([0, 9, 9], 17.91289801185522), ([1, 5, 4, 10, 2, 7, 3, 6, 8, 9], 17.91289801185522)]
[([0, 8, 0], 22.776113387523544), ([1, 6, 10, 4, 5, 3, 7, 2, 9, 8], 22.776113387523544)]
[([0, 8, 0], 22.574924874658755), ([1, 6, 3, 7, 10, 5, 4, 2, 9, 8], 22.574924874658755)]
[([0, 8, 0], 21.57391352386254), ([1, 6, 7, 5, 4, 9, 10, 2, 3, 8], 21.57391352386254)]
[([0, 9, 0], 19.932769922672986), ([1, 8, 6, 5, 4, 10, 2, 3, 7, 9], 19.932769922672986)]
[([0, 9, 0], 20.13985919496579), ([1, 8, 7, 5, 4, 10, 2, 3, 6, 9], 20.13985919496579)]
[([0, 8, 0], 22.953702078581177), ([1, 6, 3, 7, 2, 5, 4, 10, 9, 8], 22.953702078581177)]
[([0, 9, 9], 20.13985919496579), ([1, 8, 7, 5, 4, 10, 2, 3, 6, 9], 20.13985919496579)]
[([0, 8, 0], 22.69388042042444), ([1, 10, 4, 5, 7, 6, 3, 2, 9, 8], 22.69388042042444)]
[([0, 8, 0], 25.445677311559358), ([1, 7, 3, 5, 4, 10, 2, 9, 6, 8], 25.445677311559358)]
[([0, 8, 0], 23.72527186931837), ([1, 9, 6, 7, 5, 4, 10, 2, 3, 8], 23.72527186931837)]
[([0, 9, 9], 21.68767706047227), ([1, 8, 7, 6, 3, 5, 4, 10, 2, 9], 21.68767706047227)]
[([0, 8, 0], 25.68029260425053), ([1, 6, 9, 2, 10, 4, 5, 3, 7, 8], 25.68029260425053)]

