Fri Apr 29 00:14:02 2016
[([0, 0, 5], 19.17178210453061), ([1, 10, 6, 9, 4, 3, 7, 8, 2, 5], 19.17178210453061)]
[([0, 0, 5], 20.87667881782247), ([1, 10, 3, 7, 4, 2, 8, 9, 6, 5], 20.87667881782247)]
[([0, 0, 5], 22.00388437249836), ([1, 10, 7, 3, 4, 8, 2, 9, 6, 5], 22.00388437249836)]
[([0, 0, 5], 19.816662216306582), ([1, 10, 8, 2, 7, 3, 4, 9, 6, 5], 19.816662216306582)]
[([0, 0, 5], 19.480312977516355), ([1, 10, 2, 7, 3, 4, 8, 9, 6, 5], 19.480312977516355)]
[([0, 0, 5], 19.895544280903877), ([1, 10, 7, 3, 4, 2, 9, 8, 6, 5], 19.895544280903877)]
[([0, 0, 5], 20.443124363768575), ([1, 10, 3, 7, 4, 8, 9, 6, 2, 5], 20.443124363768575)]
[([0, 0, 5], 20.788726117178634), ([1, 10, 2, 8, 3, 7, 4, 9, 6, 5], 20.788726117178634)]
[([0, 0, 5], 21.454243109749665), ([1, 10, 7, 4, 3, 8, 2, 9, 6, 5], 21.454243109749665)]
[([0, 0, 5], 21.61586861411381), ([1, 10, 3, 7, 4, 9, 8, 2, 6, 5], 21.61586861411381)]
[([0, 0, 5], 20.443663832455073), ([1, 10, 7, 4, 3, 9, 8, 2, 6, 5], 20.443663832455073)]
[([0, 0, 5], 21.711583949749294), ([1, 10, 7, 3, 4, 8, 9, 2, 6, 5], 21.711583949749294)]
[([0, 0, 5], 20.46688795091243), ([1, 10, 8, 4, 7, 3, 9, 2, 6, 5], 20.46688795091243)]
[([0, 0, 5], 22.069073780854737), ([1, 10, 3, 7, 4, 8, 2, 9, 6, 5], 22.069073780854737)]
[([0, 0, 5], 21.77505040695314), ([1, 10, 3, 7, 4, 8, 9, 2, 6, 5], 21.77505040695314)]
[([0, 0, 5], 20.277781132483263), ([1, 10, 8, 4, 7, 3, 2, 9, 6, 5], 20.277781132483263)]
[([0, 0, 5], 21.61586861411381), ([1, 10, 3, 7, 4, 9, 8, 2, 6, 5], 21.61586861411381)]
[([0, 0, 5], 21.553325348243167), ([1, 10, 7, 3, 4, 9, 8, 2, 6, 5], 21.553325348243167)]
[([0, 0, 6], 20.5376249458104), ([1, 10, 7, 3, 4, 8, 9, 2, 5, 6], 20.5376249458104)]
[([0, 0, 5], 20.443124363768575), ([1, 10, 3, 7, 4, 8, 9, 6, 2, 5], 20.443124363768575)]
[([0, 0, 5], 19.4338893044008), ([1, 10, 9, 3, 7, 4, 8, 2, 6, 5], 19.4338893044008)]
[([0, 0, 5], 21.553325348243167), ([1, 10, 7, 3, 4, 9, 8, 2, 6, 5], 21.553325348243167)]
[([0, 0, 5], 21.61586861411381), ([1, 10, 3, 7, 4, 9, 8, 2, 6, 5], 21.61586861411381)]
[([0, 0, 10], 19.36467580062758), ([1, 5, 6, 8, 2, 9, 4, 7, 3, 10], 19.36467580062758)]
[([0, 0, 6], 18.751446792715676), ([1, 10, 5, 2, 8, 3, 7, 4, 9, 6], 18.751446792715676)]
[([0, 0, 5], 21.711583949749294), ([1, 10, 7, 3, 4, 8, 9, 2, 6, 5], 21.711583949749294)]
[([0, 0, 5], 19.641817839621304), ([1, 10, 9, 4, 3, 7, 8, 2, 6, 5], 19.641817839621304)]
[([0, 0, 5], 21.77505040695314), ([1, 10, 3, 7, 4, 8, 9, 2, 6, 5], 21.77505040695314)]
[([0, 0, 6], 20.596189124259215), ([1, 10, 3, 7, 4, 8, 9, 2, 5, 6], 20.596189124259215)]
[([0, 0, 5], 21.553325348243167), ([1, 10, 7, 3, 4, 9, 8, 2, 6, 5], 21.553325348243167)]

