Fri Apr 29 07:53:57 2016
[([0, 0, 10], 3.0696420213520192), ([1, 4, 5, 3, 6, 7, 2, 9, 8, 10], 3.0696420213520192)]
[([0, 0, 10], 2.9743033052752708), ([1, 4, 3, 5, 2, 6, 7, 9, 8, 10], 2.9743033052752708)]
[([0, 0, 10], 3.2722161759621464), ([1, 4, 7, 6, 3, 2, 5, 8, 9, 10], 3.2722161759621464)]
[([0, 0, 10], 3.284924607615219), ([1, 4, 6, 7, 3, 2, 5, 9, 8, 10], 3.284924607615219)]
[([0, 0, 10], 3.0427122122664234), ([1, 4, 3, 2, 6, 7, 5, 8, 9, 10], 3.0427122122664234)]
[([0, 0, 10], 3.191211262594892), ([1, 9, 8, 5, 2, 3, 7, 6, 4, 10], 3.191211262594892)]
[([0, 0, 10], 3.0042930723205314), ([1, 4, 2, 3, 7, 6, 5, 8, 9, 10], 3.0042930723205314)]
[([0, 0, 10], 3.0123004707946177), ([1, 9, 8, 2, 6, 7, 3, 5, 4, 10], 3.0123004707946177)]
[([0, 0, 10], 3.3075495393173897), ([1, 4, 6, 7, 3, 2, 5, 8, 9, 10], 3.3075495393173897)]
[([0, 0, 10], 2.955462050315006), ([1, 4, 9, 8, 3, 6, 7, 2, 5, 10], 2.955462050315006)]
[([0, 0, 10], 3.086843754324677), ([1, 8, 9, 5, 2, 6, 7, 3, 4, 10], 3.086843754324677)]
[([0, 0, 10], 3.076196468391838), ([1, 4, 5, 2, 7, 6, 3, 8, 9, 10], 3.076196468391838)]
[([0, 0, 10], 3.1147859607964685), ([1, 4, 6, 7, 2, 5, 3, 8, 9, 10], 3.1147859607964685)]
[([0, 0, 10], 3.022369944669373), ([1, 9, 8, 5, 3, 2, 6, 7, 4, 10], 3.022369944669373)]
[([0, 0, 10], 3.1157482969299943), ([1, 4, 5, 3, 7, 6, 2, 8, 9, 10], 3.1157482969299943)]
[([0, 0, 10], 3.3037987271287586), ([1, 4, 6, 7, 3, 5, 2, 8, 9, 10], 3.3037987271287586)]
[([0, 0, 10], 3.126522490935881), ([1, 4, 7, 6, 2, 3, 5, 8, 9, 10], 3.126522490935881)]
[([0, 0, 10], 3.1800645488265507), ([1, 4, 6, 7, 2, 3, 5, 8, 9, 10], 3.1800645488265507)]
[([0, 0, 10], 3.0039488827514917), ([1, 8, 9, 3, 5, 2, 7, 6, 4, 10], 3.0039488827514917)]
[([0, 0, 10], 3.2297334718644897), ([1, 4, 6, 7, 3, 5, 2, 9, 8, 10], 3.2297334718644897)]
[([0, 0, 10], 3.3075495393173897), ([1, 4, 6, 7, 3, 2, 5, 8, 9, 10], 3.3075495393173897)]
[([0, 0, 10], 2.99728717626711), ([1, 3, 6, 7, 2, 5, 8, 9, 4, 10], 2.99728717626711)]
[([0, 0, 10], 3.154507725936558), ([1, 8, 9, 5, 2, 3, 7, 6, 4, 10], 3.154507725936558)]
[([0, 0, 10], 3.2722161759621464), ([1, 4, 7, 6, 3, 2, 5, 8, 9, 10], 3.2722161759621464)]
[([0, 0, 10], 2.9198516946530817), ([1, 4, 8, 9, 2, 7, 6, 3, 5, 10], 2.9198516946530817)]
[([0, 0, 10], 3.1035779813911124), ([1, 8, 9, 2, 5, 3, 7, 6, 4, 10], 3.1035779813911124)]
[([0, 0, 10], 3.1364707550401536), ([1, 4, 5, 3, 6, 7, 2, 8, 9, 10], 3.1364707550401536)]
[([0, 0, 10], 3.1157482969299943), ([1, 4, 5, 3, 7, 6, 2, 8, 9, 10], 3.1157482969299943)]
[([0, 0, 10], 3.191211262594892), ([1, 9, 8, 5, 2, 3, 7, 6, 4, 10], 3.191211262594892)]
[([0, 0, 10], 3.1364707550401536), ([1, 4, 5, 3, 6, 7, 2, 8, 9, 10], 3.1364707550401536)]

