Thu Apr 28 19:13:32 2016
[([0, 0, 4], 10.225240389424059), ([1, 2, 9, 8, 7, 6, 5, 3, 10, 4], 10.225240389424059)]
[([0, 0, 4], 11.506637607612847), ([1, 2, 3, 10, 5, 6, 7, 8, 9, 4], 11.506637607612847)]
[([0, 0, 4], 10.583511632183253), ([1, 9, 8, 7, 6, 5, 3, 10, 2, 4], 10.583511632183253)]
[([0, 0, 4], 10.224973722183556), ([1, 3, 5, 6, 7, 8, 9, 10, 2, 4], 10.224973722183556)]
[([0, 0, 4], 11.400242032440707), ([1, 3, 10, 5, 6, 7, 8, 9, 2, 4], 11.400242032440707)]
[([0, 0, 4], 10.807986193950528), ([1, 3, 10, 5, 6, 7, 8, 9, 4, 2], 10.807986193950528)]
[([0, 0, 4], 10.079347916520543), ([1, 5, 10, 3, 2, 9, 8, 6, 7, 4], 10.079347916520543)]
[([0, 0, 4], 9.996341818997768), ([1, 8, 9, 6, 7, 5, 10, 3, 2, 4], 9.996341818997768)]
[([0, 0, 4], 9.919708685434834), ([1, 2, 10, 5, 3, 8, 6, 7, 9, 4], 9.919708685434834)]
[([0, 0, 4], 11.506637607612847), ([1, 2, 3, 10, 5, 6, 7, 8, 9, 4], 11.506637607612847)]
[([0, 0, 4], 10.206341516221942), ([1, 5, 10, 2, 3, 7, 6, 8, 9, 4], 10.206341516221942)]
[([0, 0, 4], 11.604724208911799), ([1, 3, 2, 10, 5, 6, 7, 8, 9, 4], 11.604724208911799)]
[([0, 0, 4], 10.226040474608254), ([1, 3, 2, 10, 5, 6, 7, 9, 8, 4], 10.226040474608254)]
[([0, 0, 4], 10.4148302400067), ([1, 3, 10, 2, 9, 8, 7, 6, 5, 4], 10.4148302400067)]
[([0, 0, 4], 10.19360434327206), ([1, 3, 5, 10, 2, 9, 6, 7, 8, 4], 10.19360434327206)]
[([0, 0, 4], 11.170603863174138), ([1, 3, 10, 5, 7, 6, 8, 9, 2, 4], 11.170603863174138)]
[([0, 0, 4], 11.400242032440707), ([1, 3, 10, 5, 6, 7, 8, 9, 2, 4], 11.400242032440707)]
[([0, 0, 4], 9.65111064644685), ([1, 5, 3, 10, 2, 8, 6, 7, 9, 4], 9.65111064644685)]
[([0, 0, 4], 9.68938282900634), ([1, 2, 9, 8, 6, 7, 5, 10, 4, 3], 9.68938282900634)]
[([0, 0, 4], 10.325686992437783), ([1, 5, 6, 7, 8, 9, 3, 10, 2, 4], 10.325686992437783)]
[([0, 0, 4], 10.948505466405202), ([1, 2, 10, 3, 5, 7, 6, 8, 9, 4], 10.948505466405202)]
[([0, 0, 4], 9.680420291489426), ([1, 3, 10, 2, 9, 6, 8, 7, 5, 4], 9.680420291489426)]
[([0, 0, 4], 10.385312067687455), ([1, 9, 8, 6, 7, 5, 3, 10, 2, 4], 10.385312067687455)]
[([0, 0, 4], 9.899421225239797), ([1, 3, 9, 7, 6, 8, 5, 10, 2, 4], 9.899421225239797)]
[([0, 0, 4], 9.70678337318732), ([1, 10, 5, 3, 8, 7, 6, 9, 2, 4], 9.70678337318732)]
[([0, 0, 4], 10.141660151696572), ([1, 10, 3, 2, 9, 8, 7, 6, 5, 4], 10.141660151696572)]
[([0, 0, 4], 10.942699602422644), ([1, 10, 2, 3, 5, 6, 7, 8, 9, 4], 10.942699602422644)]
[([0, 0, 4], 10.807986193950528), ([1, 3, 10, 5, 6, 7, 8, 9, 4, 2], 10.807986193950528)]
[([0, 0, 4], 10.763358208175585), ([1, 2, 9, 8, 7, 6, 5, 10, 3, 4], 10.763358208175585)]
[([0, 0, 4], 9.996078573322999), ([1, 10, 2, 5, 6, 7, 8, 9, 4, 3], 9.996078573322999)]

Thu Apr 28 21:05:28 2016
[([0, 0, 4], 10.760699536260411), ([1, 10, 3, 5, 6, 7, 8, 9, 2, 4], 10.760699536260411)]
[([0, 0, 4], 11.604724208911799), ([1, 3, 2, 10, 5, 6, 7, 8, 9, 4], 11.604724208911799)]
[([0, 0, 4], 10.782598804876603), ([1, 3, 9, 8, 7, 6, 5, 10, 2, 4], 10.782598804876603)]
[([0, 0, 4], 10.170335239684144), ([1, 3, 5, 10, 2, 8, 7, 6, 9, 4], 10.170335239684144)]
[([0, 0, 4], 10.578284219859304), ([1, 2, 10, 5, 7, 6, 8, 9, 4, 3], 10.578284219859304)]
[([0, 0, 4], 10.114450772260684), ([1, 3, 8, 6, 7, 5, 10, 2, 9, 4], 10.114450772260684)]
[([0, 0, 4], 10.19360434327206), ([1, 3, 5, 10, 2, 9, 6, 7, 8, 4], 10.19360434327206)]
[([0, 0, 4], 9.818602679800552), ([1, 10, 5, 8, 7, 6, 9, 2, 3, 4], 9.818602679800552)]
[([0, 0, 4], 11.170603863174138), ([1, 3, 10, 5, 7, 6, 8, 9, 2, 4], 11.170603863174138)]
[([0, 0, 4], 10.021125354830428), ([1, 10, 5, 3, 2, 7, 6, 8, 9, 4], 10.021125354830428)]
[([0, 0, 4], 10.6432704730189), ([1, 10, 3, 2, 5, 6, 7, 8, 9, 4], 10.6432704730189)]
[([0, 0, 4], 9.880959402440245), ([1, 9, 8, 7, 6, 5, 3, 2, 10, 4], 9.880959402440245)]
[([0, 0, 4], 10.03635902554375), ([1, 2, 10, 5, 6, 8, 7, 9, 4, 3], 10.03635902554375)]
[([0, 0, 4], 10.722735729216), ([1, 3, 2, 10, 5, 8, 7, 6, 9, 4], 10.722735729216)]
[([0, 0, 4], 10.578284219859304), ([1, 2, 10, 5, 7, 6, 8, 9, 4, 3], 10.578284219859304)]
[([0, 0, 4], 10.553030947354976), ([1, 10, 5, 6, 7, 8, 9, 2, 3, 4], 10.553030947354976)]
[([0, 0, 4], 9.996078573322999), ([1, 10, 2, 5, 6, 7, 8, 9, 4, 3], 9.996078573322999)]
[([0, 0, 4], 10.03635902554375), ([1, 2, 10, 5, 6, 8, 7, 9, 4, 3], 10.03635902554375)]
[([0, 0, 4], 10.362529777752325), ([1, 3, 10, 5, 6, 7, 8, 2, 9, 4], 10.362529777752325)]
[([0, 0, 4], 10.24997153118289), ([1, 10, 5, 6, 7, 8, 9, 4, 2, 3], 10.24997153118289)]
[([0, 0, 4], 11.604724208911799), ([1, 3, 2, 10, 5, 6, 7, 8, 9, 4], 11.604724208911799)]
[([0, 0, 4], 10.325686992437783), ([1, 5, 6, 7, 8, 9, 3, 10, 2, 4], 10.325686992437783)]
[([0, 0, 4], 9.693823577694394), ([1, 3, 10, 5, 9, 8, 6, 7, 2, 4], 9.693823577694394)]
[([0, 0, 4], 10.638938371847782), ([1, 2, 3, 10, 5, 8, 7, 6, 9, 4], 10.638938371847782)]
[([0, 0, 4], 10.325686992437783), ([1, 5, 6, 7, 8, 9, 3, 10, 2, 4], 10.325686992437783)]
[([0, 0, 4], 10.588084631300687), ([1, 3, 2, 10, 5, 8, 6, 7, 9, 4], 10.588084631300687)]
[([0, 0, 4], 10.794371516050077), ([1, 2, 10, 5, 6, 7, 8, 9, 4, 3], 10.794371516050077)]
[([0, 0, 4], 11.170603863174138), ([1, 3, 10, 5, 7, 6, 8, 9, 2, 4], 11.170603863174138)]
[([0, 0, 4], 10.302353068599844), ([1, 3, 8, 7, 6, 5, 10, 2, 9, 4], 10.302353068599844)]
[([0, 0, 4], 10.268355971955167), ([1, 10, 2, 9, 8, 7, 6, 5, 3, 4], 10.268355971955167)]

