Fri Apr 29 07:27:26 2016
[([0, 7, 0], 0.27824852186073135), ([1, 3, 6, 2, 4, 9, 8, 5, 10, 7], 0.27824852186073135)]
[([0, 0, 3], 0.27367834752008013), ([1, 7, 8, 5, 10, 9, 4, 2, 6, 3], 0.27367834752008013)]
[([0, 0, 3], 0.26564253685692674), ([1, 7, 10, 4, 9, 5, 8, 2, 6, 3], 0.26564253685692674)]
[([0, 0, 3], 0.2592860597293775), ([1, 7, 10, 2, 4, 9, 5, 8, 6, 3], 0.2592860597293775)]
[([0, 7, 0], 0.2620147835307118), ([1, 2, 3, 6, 8, 10, 4, 9, 5, 7], 0.2620147835307118)]
[([0, 0, 3], 0.26349158514148613), ([1, 7, 5, 4, 9, 10, 8, 6, 2, 3], 0.26349158514148613)]
[([0, 0, 3], 0.262972560351319), ([1, 7, 10, 5, 8, 9, 2, 4, 6, 3], 0.262972560351319)]
[([0, 0, 3], 0.2660735488557109), ([1, 7, 8, 5, 10, 4, 9, 2, 6, 3], 0.2660735488557109)]
[([0, 0, 3], 0.262392749109663), ([1, 6, 2, 4, 9, 5, 10, 7, 8, 3], 0.262392749109663)]
[([0, 0, 3], 0.2679391582130385), ([1, 7, 10, 8, 5, 4, 9, 2, 6, 3], 0.2679391582130385)]
[([0, 7, 0], 0.2662714444794792), ([1, 3, 6, 2, 9, 4, 5, 10, 8, 7], 0.2662714444794792)]
[([0, 0, 3], 0.277481512085578), ([1, 7, 10, 5, 8, 9, 4, 2, 6, 3], 0.277481512085578)]
[([0, 0, 3], 0.2681910358583872), ([1, 7, 10, 9, 5, 8, 4, 2, 6, 3], 0.2681910358583872)]
[([0, 0, 3], 0.26108356491347584), ([1, 2, 4, 9, 10, 5, 7, 8, 6, 3], 0.26108356491347584)]
[([0, 0, 3], 0.267835783965419), ([1, 7, 10, 5, 4, 9, 8, 2, 6, 3], 0.267835783965419)]
[([0, 7, 0], 0.27441352736716357), ([1, 3, 6, 2, 4, 9, 10, 5, 8, 7], 0.27441352736716357)]
[([0, 7, 0], 0.2620445402792548), ([1, 10, 9, 4, 2, 6, 3, 8, 5, 7], 0.2620445402792548)]
[([0, 0, 3], 0.2726357838115835), ([1, 7, 10, 5, 8, 4, 9, 2, 6, 3], 0.2726357838115835)]
[([0, 0, 3], 0.2676499111908581), ([1, 7, 10, 4, 9, 5, 8, 6, 2, 3], 0.2676499111908581)]
[([0, 0, 3], 0.26105411127858635), ([1, 7, 10, 9, 5, 8, 6, 4, 2, 3], 0.26105411127858635)]
[([0, 7, 0], 0.2733623421466196), ([1, 3, 6, 2, 9, 4, 8, 5, 10, 7], 0.2733623421466196)]
[([0, 0, 3], 0.2656425368569268), ([1, 7, 10, 5, 9, 4, 2, 6, 8, 3], 0.2656425368569268)]
[([0, 0, 3], 0.2633416563138782), ([1, 2, 4, 9, 10, 7, 5, 8, 6, 3], 0.2633416563138782)]
[([0, 0, 3], 0.2746238579247727), ([1, 7, 10, 8, 5, 9, 4, 2, 6, 3], 0.2746238579247727)]
[([0, 0, 3], 0.26178916069063857), ([1, 7, 8, 4, 9, 5, 10, 6, 2, 3], 0.26178916069063857)]
[([0, 0, 3], 0.2646971897506743), ([1, 2, 4, 9, 5, 10, 7, 8, 6, 3], 0.2646971897506743)]
[([0, 0, 3], 0.26564253685692674), ([1, 7, 10, 4, 9, 5, 8, 2, 6, 3], 0.26564253685692674)]
[([0, 0, 3], 0.2595769130718798), ([1, 7, 10, 9, 4, 2, 6, 8, 5, 3], 0.2595769130718798)]
[([0, 0, 3], 0.2706551812858431), ([1, 7, 10, 8, 5, 9, 4, 6, 2, 3], 0.2706551812858431)]
[([0, 0, 3], 0.2746238579247727), ([1, 7, 10, 8, 5, 9, 4, 2, 6, 3], 0.2746238579247727)]

