Fri Apr 29 07:00:21 2016
[([0, 6, 0], 28.736701223839976), ([1, 5, 8, 3, 2, 7, 9, 4, 10, 6], 28.736701223839976)]
[([0, 6, 6], 25.985437797125513), ([1, 10, 8, 3, 2, 7, 4, 9, 5, 6], 25.985437797125513)]
[([0, 6, 0], 25.116262610586055), ([1, 8, 3, 2, 10, 7, 9, 4, 5, 6], 25.116262610586055)]
[([0, 6, 6], 30.409837088005986), ([1, 5, 10, 4, 9, 7, 2, 3, 8, 6], 30.409837088005986)]
[([0, 6, 0], 30.409837088005986), ([1, 5, 10, 4, 9, 7, 2, 3, 8, 6], 30.409837088005986)]
[([0, 6, 0], 25.868491012806388), ([1, 10, 5, 8, 3, 2, 9, 4, 7, 6], 25.868491012806388)]
[([0, 6, 6], 27.514061001617225), ([1, 5, 8, 3, 2, 9, 7, 4, 10, 6], 27.514061001617225)]
[([0, 6, 6], 26.738324657129624), ([1, 5, 8, 3, 2, 4, 7, 9, 10, 6], 26.738324657129624)]
[([0, 6, 0], 25.159232481912284), ([1, 10, 9, 4, 7, 5, 2, 3, 8, 6], 25.159232481912284)]
[([0, 6, 6], 26.99778902519814), ([1, 8, 3, 2, 9, 4, 7, 10, 5, 6], 26.99778902519814)]
[([0, 6, 0], 27.11869828697947), ([1, 10, 8, 3, 2, 7, 9, 4, 5, 6], 27.11869828697947)]
[([0, 6, 6], 25.489983133105362), ([1, 5, 10, 2, 4, 9, 7, 3, 8, 6], 25.489983133105362)]
[([0, 6, 6], 29.543436637203683), ([1, 8, 3, 2, 7, 9, 4, 10, 5, 6], 29.543436637203683)]
[([0, 6, 6], 28.008832921784695), ([1, 5, 10, 4, 9, 7, 3, 2, 8, 6], 28.008832921784695)]
[([0, 6, 0], 27.103119978725648), ([1, 5, 10, 4, 9, 7, 2, 8, 3, 6], 27.103119978725648)]
[([0, 6, 6], 25.39167030487808), ([1, 5, 10, 4, 9, 7, 8, 2, 3, 6], 25.39167030487808)]
[([0, 6, 6], 26.529094629512464), ([1, 10, 4, 9, 7, 3, 8, 2, 5, 6], 26.529094629512464)]
[([0, 6, 6], 28.736701223839976), ([1, 5, 8, 3, 2, 7, 9, 4, 10, 6], 28.736701223839976)]
[([0, 6, 6], 27.451361028387662), ([1, 10, 5, 8, 3, 2, 7, 9, 4, 6], 27.451361028387662)]
[([0, 6, 0], 26.23910738417364), ([1, 4, 10, 9, 7, 2, 3, 8, 6, 5], 26.23910738417364)]
[([0, 6, 0], 27.43539829290158), ([1, 8, 3, 2, 4, 7, 9, 10, 5, 6], 27.43539829290158)]
[([0, 6, 6], 30.7928743190335), ([1, 10, 4, 9, 7, 2, 3, 8, 6, 5], 30.7928743190335)]
[([0, 6, 0], 29.543436637203683), ([1, 8, 3, 2, 7, 9, 4, 10, 5, 6], 29.543436637203683)]
[([0, 6, 0], 25.046263996921024), ([1, 5, 10, 8, 3, 2, 4, 9, 7, 6], 25.046263996921024)]
[([0, 6, 6], 27.11869828697947), ([1, 10, 8, 3, 2, 7, 9, 4, 5, 6], 27.11869828697947)]
[([0, 6, 0], 28.736701223839976), ([1, 5, 8, 3, 2, 7, 9, 4, 10, 6], 28.736701223839976)]
[([0, 6, 0], 25.510656661797384), ([1, 8, 2, 3, 4, 9, 7, 10, 5, 6], 25.510656661797384)]
[([0, 6, 6], 25.295808090390608), ([1, 10, 4, 8, 3, 2, 7, 9, 5, 6], 25.295808090390608)]
[([0, 6, 0], 24.48676965894895), ([1, 5, 10, 4, 8, 3, 2, 7, 9, 6], 24.48676965894895)]
[([0, 6, 0], 30.416371889723937), ([1, 10, 4, 9, 7, 2, 3, 8, 5, 6], 30.416371889723937)]

