Fri Apr 29 08:46:55 2016
[([0, 0, 6], 1.1600482349538954), ([1, 3, 5, 7, 10, 8, 2, 4, 9, 6], 1.1600482349538954)]
[([0, 0, 6], 1.1767040192410054), ([1, 9, 4, 2, 8, 7, 10, 5, 3, 6], 1.1767040192410054)]
[([0, 0, 6], 1.0888306526885974), ([1, 4, 9, 3, 5, 10, 8, 2, 7, 6], 1.0888306526885974)]
[([0, 0, 6], 0.838438006936337), ([1, 3, 2, 10, 9, 7, 4, 8, 5, 6], 0.838438006936337)]
[([0, 0, 6], 1.1282454532877055), ([1, 4, 2, 8, 10, 7, 5, 3, 9, 6], 1.1282454532877055)]
[([0, 0, 6], 1.1640614603440296), ([1, 9, 4, 2, 7, 8, 10, 3, 5, 6], 1.1640614603440296)]
[([0, 0, 6], 1.082392830149311), ([1, 4, 2, 10, 8, 3, 5, 7, 9, 6], 1.082392830149311)]
[([0, 0, 6], 1.1114228123117245), ([1, 9, 4, 8, 7, 2, 10, 5, 3, 6], 1.1114228123117245)]
[([0, 0, 6], 1.157939720846304), ([1, 9, 4, 2, 8, 7, 10, 3, 5, 6], 1.157939720846304)]
[([0, 0, 6], 1.026116027430655), ([1, 7, 5, 10, 8, 2, 4, 9, 3, 6], 1.026116027430655)]
[([0, 0, 6], 1.188854608143345), ([1, 9, 4, 2, 8, 10, 7, 5, 3, 6], 1.188854608143345)]
[([0, 0, 6], 1.154581995053066), ([1, 9, 4, 2, 8, 10, 5, 3, 7, 6], 1.154581995053066)]
[([0, 0, 6], 1.0428002946655544), ([1, 5, 3, 8, 2, 7, 10, 4, 9, 6], 1.0428002946655544)]
[([0, 0, 6], 1.0452869547425299), ([1, 4, 2, 10, 8, 5, 7, 3, 9, 6], 1.0452869547425299)]
[([0, 0, 6], 1.103771638820944), ([1, 9, 4, 10, 2, 8, 7, 5, 3, 6], 1.103771638820944)]
[([0, 0, 6], 1.082392830149311), ([1, 4, 2, 10, 8, 3, 5, 7, 9, 6], 1.082392830149311)]
[([0, 0, 6], 1.1183687171144592), ([1, 4, 2, 10, 8, 7, 5, 3, 9, 6], 1.1183687171144592)]
[([0, 0, 6], 1.122256411069431), ([1, 9, 4, 8, 10, 2, 7, 5, 3, 6], 1.122256411069431)]
[([0, 0, 6], 0.9860098786842428), ([1, 2, 4, 8, 10, 7, 3, 5, 9, 6], 0.9860098786842428)]
[([0, 0, 6], 1.1172964807146437), ([1, 4, 2, 8, 7, 10, 5, 3, 9, 6], 1.1172964807146437)]
[([0, 0, 6], 1.1304610491004832), ([1, 9, 4, 2, 10, 7, 8, 5, 3, 6], 1.1304610491004832)]
[([0, 0, 6], 0.9230722673250845), ([1, 4, 7, 2, 10, 5, 3, 9, 8, 6], 0.9230722673250845)]
[([0, 9, 0], 0.6036771389041415), ([1, 6, 3, 5, 10, 7, 8, 2, 4, 9], 0.6036771389041415)]
[([0, 0, 6], 1.040892026692831), ([1, 5, 7, 10, 8, 2, 4, 9, 3, 6], 1.040892026692831)]
[([0, 0, 6], 1.0741197019373925), ([1, 9, 4, 5, 3, 10, 8, 2, 7, 6], 1.0741197019373925)]
[([0, 0, 6], 0.9873750635713466), ([1, 3, 5, 2, 4, 7, 10, 8, 9, 6], 0.9873750635713466)]
[([0, 0, 6], 0.8676084818013298), ([1, 5, 9, 10, 2, 3, 7, 8, 4, 6], 0.8676084818013298)]
[([0, 0, 6], 1.1360788144965412), ([1, 7, 3, 5, 10, 8, 2, 4, 9, 6], 1.1360788144965412)]
[([0, 0, 6], 1.087665703778393), ([1, 4, 2, 10, 8, 5, 3, 7, 9, 6], 1.087665703778393)]
[([0, 0, 6], 1.1304610491004832), ([1, 9, 4, 2, 10, 7, 8, 5, 3, 6], 1.1304610491004832)]

