Thu Apr 28 22:25:38 2016
[([0, 0, 4], 9.396921993069814), ([1, 9, 5, 8, 2, 10, 6, 7, 3, 4], 9.396921993069814)]
[([0, 0, 4], 8.738843986195226), ([1, 9, 3, 7, 2, 8, 10, 6, 5, 4], 8.738843986195226)]
[([0, 0, 4], 9.350552786517293), ([1, 3, 9, 5, 8, 2, 10, 6, 7, 4], 9.350552786517293)]
[([0, 0, 4], 9.396921993069814), ([1, 9, 5, 8, 2, 10, 6, 7, 3, 4], 9.396921993069814)]
[([0, 0, 4], 9.379180618410043), ([1, 9, 5, 8, 2, 6, 10, 7, 3, 4], 9.379180618410043)]
[([0, 0, 4], 9.12835148179486), ([1, 9, 5, 10, 6, 8, 2, 7, 3, 4], 9.12835148179486)]
[([0, 0, 4], 8.738843986195226), ([1, 9, 3, 7, 2, 8, 10, 6, 5, 4], 8.738843986195226)]
[([0, 0, 4], 8.910630191686819), ([1, 9, 3, 7, 10, 6, 2, 8, 5, 4], 8.910630191686819)]
[([0, 0, 4], 9.321862796985918), ([1, 3, 9, 5, 2, 8, 10, 6, 7, 4], 9.321862796985918)]
[([0, 0, 4], 8.921225999392865), ([1, 3, 9, 5, 2, 10, 6, 8, 7, 4], 8.921225999392865)]
[([0, 0, 4], 8.801401870455612), ([1, 3, 9, 5, 10, 6, 7, 2, 8, 4], 8.801401870455612)]
[([0, 0, 4], 8.452907211291452), ([1, 3, 9, 8, 2, 7, 6, 10, 5, 4], 8.452907211291452)]
[([0, 0, 4], 9.334407788520767), ([1, 3, 9, 5, 2, 8, 6, 10, 7, 4], 9.334407788520767)]
[([0, 0, 4], 9.379180618410043), ([1, 9, 5, 8, 2, 6, 10, 7, 3, 4], 9.379180618410043)]
[([0, 0, 4], 8.67000651570223), ([1, 3, 7, 6, 10, 2, 8, 9, 5, 4], 8.67000651570223)]
[([0, 0, 4], 8.988849142645789), ([1, 3, 9, 5, 8, 10, 6, 7, 2, 4], 8.988849142645789)]
[([0, 0, 4], 8.647979135945988), ([1, 3, 9, 5, 2, 10, 6, 7, 8, 4], 8.647979135945988)]
[([0, 0, 4], 8.977872928361426), ([1, 9, 5, 6, 10, 2, 8, 7, 3, 4], 8.977872928361426)]
[([0, 0, 4], 8.926641737838912), ([1, 9, 3, 7, 6, 10, 2, 8, 5, 4], 8.926641737838912)]
[([0, 0, 4], 9.197782591115185), ([1, 3, 7, 10, 6, 2, 8, 5, 9, 4], 9.197782591115185)]
[([0, 0, 4], 8.738843986195226), ([1, 9, 3, 7, 2, 8, 10, 6, 5, 4], 8.738843986195226)]
[([0, 0, 4], 8.335984769683156), ([1, 9, 2, 8, 5, 6, 10, 7, 3, 4], 8.335984769683156)]
[([0, 0, 4], 9.201696448443732), ([1, 9, 5, 8, 6, 10, 2, 7, 3, 4], 9.201696448443732)]
[([0, 0, 4], 9.38061661220397), ([1, 9, 5, 2, 8, 6, 10, 7, 3, 4], 9.38061661220397)]
[([0, 0, 4], 8.515367676721677), ([1, 3, 9, 8, 2, 7, 10, 6, 5, 4], 8.515367676721677)]
[([0, 0, 4], 8.855039291925385), ([1, 3, 9, 5, 2, 7, 10, 6, 8, 4], 8.855039291925385)]
[([0, 0, 4], 9.36794719269165), ([1, 9, 5, 2, 8, 10, 6, 7, 3, 4], 9.36794719269165)]
[([0, 0, 4], 9.214843723805108), ([1, 3, 7, 6, 10, 2, 8, 5, 9, 4], 9.214843723805108)]
[([0, 0, 4], 9.027034805924616), ([1, 3, 7, 2, 10, 6, 8, 5, 9, 4], 9.027034805924616)]
[([0, 0, 4], 9.201696448443732), ([1, 9, 5, 8, 6, 10, 2, 7, 3, 4], 9.201696448443732)]

