Fri Apr 29 12:55:02 2016
[([0, 0, 0, 3, 0], 23.083331275141195), ([1, 8, 7, 2, 9, 6, 5, 10, 4, 3], 23.083331275141195)]
[([0, 0, 0, 3, 0], 24.558663352542705), ([1, 7, 8, 2, 9, 6, 5, 10, 4, 3], 24.558663352542705)]
[([0, 0, 0, 3, 0], 22.271269228908498), ([1, 7, 4, 10, 5, 9, 6, 2, 8, 3], 22.271269228908498)]
[([0, 0, 0, 3, 0], 21.881650425432483), ([1, 2, 9, 6, 4, 10, 5, 8, 3, 7], 21.881650425432483)]
[([0, 0, 0, 3, 0], 22.594357238547634), ([1, 10, 5, 6, 9, 2, 8, 4, 3, 7], 22.594357238547634)]
[([0, 0, 0, 3, 0], 22.799167829902675), ([1, 7, 2, 10, 4, 5, 6, 9, 8, 3], 22.799167829902675)]
[([0, 0, 0, 3, 0], 23.16102809958675), ([1, 7, 2, 9, 6, 5, 10, 8, 4, 3], 23.16102809958675)]
[([0, 0, 0, 4, 0], 24.250483194828593), ([1, 7, 3, 8, 2, 9, 6, 5, 10, 4], 24.250483194828593)]
[([0, 0, 0, 3, 0], 23.156831103149255), ([1, 7, 10, 5, 6, 9, 2, 8, 4, 3], 23.156831103149255)]
[([0, 0, 0, 4, 4], 23.003356232439998), ([1, 7, 2, 8, 3, 9, 6, 5, 10, 4], 23.003356232439998)]
[([0, 0, 0, 3, 0], 23.81969974444974), ([1, 7, 2, 9, 6, 8, 4, 5, 10, 3], 23.81969974444974)]
[([0, 0, 0, 3, 0], 22.69965700270451), ([1, 7, 10, 4, 5, 6, 9, 8, 2, 3], 22.69965700270451)]
[([0, 0, 0, 3, 0], 23.404022526154964), ([1, 7, 8, 4, 10, 5, 6, 9, 2, 3], 23.404022526154964)]
[([0, 0, 0, 3, 0], 23.722445685691063), ([1, 10, 4, 5, 6, 9, 2, 8, 3, 7], 23.722445685691063)]
[([0, 0, 0, 3, 0], 22.546324774581993), ([1, 7, 10, 5, 4, 2, 9, 6, 8, 3], 22.546324774581993)]
[([0, 0, 0, 3, 0], 23.527132460508287), ([1, 7, 2, 9, 6, 4, 10, 5, 8, 3], 23.527132460508287)]
[([0, 0, 0, 4, 0], 22.65291835235073), ([1, 10, 5, 6, 9, 2, 7, 8, 3, 4], 22.65291835235073)]
[([0, 0, 0, 3, 0], 22.42199467441867), ([1, 10, 4, 7, 2, 9, 6, 5, 8, 3], 22.42199467441867)]
[([0, 0, 0, 3, 0], 22.065803255141187), ([1, 7, 2, 8, 9, 6, 10, 4, 5, 3], 22.065803255141187)]
[([0, 0, 0, 3, 0], 23.156831103149255), ([1, 7, 10, 5, 6, 9, 2, 8, 4, 3], 23.156831103149255)]
[([0, 0, 0, 3, 0], 23.81969974444974), ([1, 7, 2, 9, 6, 8, 4, 5, 10, 3], 23.81969974444974)]
[([0, 0, 0, 3, 0], 23.21030644976971), ([1, 10, 5, 4, 7, 2, 9, 6, 8, 3], 23.21030644976971)]
[([0, 0, 0, 3, 0], 24.520291849113963), ([1, 7, 4, 10, 5, 6, 9, 2, 8, 3], 24.520291849113963)]
[([0, 0, 0, 3, 0], 25.101006546243383), ([1, 7, 2, 9, 6, 5, 10, 4, 8, 3], 25.101006546243383)]
[([0, 0, 0, 3, 0], 21.008124855401434), ([1, 2, 7, 9, 6, 8, 5, 10, 4, 3], 21.008124855401434)]
[([0, 0, 0, 3, 0], 22.680664045069527), ([1, 7, 2, 8, 9, 6, 4, 5, 10, 3], 22.680664045069527)]
[([0, 0, 0, 4, 0], 21.54041927947309), ([1, 2, 9, 6, 8, 7, 3, 10, 5, 4], 21.54041927947309)]
[([0, 0, 0, 3, 0], 22.9783783070872), ([1, 7, 2, 9, 8, 6, 5, 10, 4, 3], 22.9783783070872)]
[([0, 0, 0, 3, 0], 25.101006546243383), ([1, 7, 2, 9, 6, 5, 10, 4, 8, 3], 25.101006546243383)]
[([0, 0, 0, 3, 0], 24.545859514557957), ([1, 7, 2, 8, 9, 6, 5, 10, 4, 3], 24.545859514557957)]

