Fri Apr 29 18:02:05 2016
[([0, 0, 0, 5, 0], 17.192633613207402), ([1, 10, 9, 8, 3, 2, 4, 6, 7, 5], 17.192633613207402)]
[([0, 0, 0, 5, 0], 18.335036459929235), ([1, 4, 7, 6, 2, 8, 10, 9, 3, 5], 18.335036459929235)]
[([0, 0, 0, 5, 0], 18.335036459929235), ([1, 4, 7, 6, 2, 8, 10, 9, 3, 5], 18.335036459929235)]
[([0, 0, 0, 5, 0], 19.928764090355077), ([1, 7, 6, 4, 2, 8, 10, 9, 3, 5], 19.928764090355077)]
[([0, 0, 0, 5, 0], 17.385032690397757), ([1, 7, 2, 6, 4, 8, 10, 9, 3, 5], 17.385032690397757)]
[([0, 0, 0, 5, 0], 18.552611265872248), ([1, 9, 10, 3, 8, 2, 4, 6, 7, 5], 18.552611265872248)]
[([0, 0, 0, 5, 0], 21.15179884460352), ([1, 3, 10, 9, 8, 2, 6, 4, 7, 5], 21.15179884460352)]
[([0, 0, 0, 5, 0], 17.45980095471963), ([1, 10, 9, 8, 2, 6, 4, 7, 3, 5], 17.45980095471963)]
[([0, 0, 0, 5, 0], 19.928764090355077), ([1, 7, 6, 4, 2, 8, 10, 9, 3, 5], 19.928764090355077)]
[([0, 0, 0, 5, 0], 17.570015594690485), ([1, 3, 7, 4, 6, 2, 8, 9, 10, 5], 17.570015594690485)]
[([0, 0, 0, 5, 0], 20.44214745703077), ([1, 7, 4, 6, 2, 8, 10, 9, 3, 5], 20.44214745703077)]
[([0, 0, 0, 5, 0], 21.69127219846296), ([1, 3, 9, 10, 8, 2, 6, 4, 7, 5], 21.69127219846296)]
[([0, 0, 0, 5, 0], 19.928764090355077), ([1, 7, 6, 4, 2, 8, 10, 9, 3, 5], 19.928764090355077)]
[([0, 0, 0, 5, 0], 17.570015594690485), ([1, 3, 7, 4, 6, 2, 8, 9, 10, 5], 17.570015594690485)]
[([0, 5, 5, 0, 0], 6.001952106147382), ([1, 7, 4, 6, 2, 8, 9, 10, 3, 5], 6.001952106147382)]
[([0, 0, 0, 5, 0], 17.020201195246663), ([1, 3, 10, 8, 9, 2, 6, 7, 4, 5], 17.020201195246663)]
[([0, 0, 0, 5, 0], 16.741772183553813), ([1, 2, 8, 10, 9, 3, 4, 6, 7, 5], 16.741772183553813)]
[([0, 0, 0, 5, 0], 17.50263646152131), ([1, 7, 6, 2, 4, 8, 10, 9, 3, 5], 17.50263646152131)]
[([0, 0, 0, 5, 0], 17.819269419557788), ([1, 7, 6, 4, 2, 10, 8, 9, 3, 5], 17.819269419557788)]
[([0, 0, 0, 5, 0], 17.79768961777043), ([1, 4, 6, 7, 2, 8, 10, 9, 3, 5], 17.79768961777043)]
[([0, 0, 0, 5, 0], 18.882035717129806), ([1, 9, 3, 10, 8, 2, 6, 4, 7, 5], 18.882035717129806)]
[([0, 0, 0, 5, 0], 17.94547155133882), ([1, 7, 6, 4, 2, 9, 10, 8, 3, 5], 17.94547155133882)]
[([0, 0, 0, 5, 0], 20.44214745703077), ([1, 7, 4, 6, 2, 8, 10, 9, 3, 5], 20.44214745703077)]
[([0, 0, 0, 5, 0], 19.362160210170064), ([1, 3, 8, 10, 9, 2, 6, 4, 7, 5], 19.362160210170064)]
[([0, 0, 0, 5, 0], 17.611283569497672), ([1, 7, 4, 6, 2, 3, 9, 10, 8, 5], 17.611283569497672)]
[([0, 0, 0, 5, 0], 19.962330680462706), ([1, 7, 4, 6, 2, 8, 9, 10, 3, 5], 19.962330680462706)]
[([0, 0, 0, 5, 0], 17.50263646152131), ([1, 7, 6, 2, 4, 8, 10, 9, 3, 5], 17.50263646152131)]
[([0, 0, 0, 5, 0], 18.280300809146727), ([1, 3, 9, 10, 8, 4, 6, 2, 7, 5], 18.280300809146727)]
[([0, 0, 0, 5, 0], 19.962330680462706), ([1, 7, 4, 6, 2, 8, 9, 10, 3, 5], 19.962330680462706)]
[([0, 0, 0, 5, 0], 19.472475921280342), ([1, 7, 6, 4, 2, 8, 9, 10, 3, 5], 19.472475921280342)]

