Fri Apr 29 17:34:18 2016
[([0, 0, 0, 7, 7], 28.065826177012852), ([1, 3, 6, 9, 10, 2, 4, 8, 5, 7], 28.065826177012852)]
[([0, 0, 0, 7, 0], 29.758267699844613), ([1, 3, 6, 2, 10, 9, 4, 8, 5, 7], 29.758267699844613)]
[([0, 0, 0, 7, 7], 26.249558812518508), ([1, 3, 6, 5, 8, 2, 10, 9, 4, 7], 26.249558812518508)]
[([0, 0, 0, 0, 5], 12.760809654007293), ([1, 7, 6, 3, 2, 10, 9, 4, 8, 5], 12.760809654007293)]
[([0, 0, 0, 7, 7], 28.394736019209535), ([1, 8, 3, 6, 2, 10, 9, 4, 5, 7], 28.394736019209535)]
[([0, 0, 0, 0, 5], 11.209698480865935), ([1, 3, 6, 2, 10, 7, 9, 4, 8, 5], 11.209698480865935)]
[([0, 0, 0, 4, 0], 16.085161322444034), ([1, 7, 10, 2, 9, 8, 3, 6, 4, 5], 16.085161322444034)]
[([0, 0, 0, 7, 0], 28.789510992360945), ([1, 8, 4, 9, 2, 10, 6, 3, 5, 7], 28.789510992360945)]
[([0, 0, 0, 7, 0], 21.786279669468197), ([1, 3, 9, 10, 6, 2, 4, 5, 8, 7], 21.786279669468197)]
[([0, 0, 0, 7, 0], 28.1500177123435), ([1, 6, 3, 2, 10, 9, 4, 8, 5, 7], 28.1500177123435)]
[([0, 0, 0, 7, 0], 28.394736019209535), ([1, 8, 3, 6, 2, 10, 9, 4, 5, 7], 28.394736019209535)]
[([0, 0, 0, 7, 7], 22.184091980259407), ([1, 3, 6, 2, 10, 4, 9, 8, 7, 5], 22.184091980259407)]
[([0, 0, 0, 4, 4], 17.754204126763998), ([1, 7, 8, 3, 6, 2, 10, 9, 4, 5], 17.754204126763998)]
[([0, 0, 0, 4, 4], 16.42368179044974), ([1, 3, 6, 8, 7, 9, 10, 2, 4, 5], 16.42368179044974)]
[([0, 0, 0, 7, 0], 28.0106412648314), ([1, 5, 8, 3, 6, 10, 2, 4, 9, 7], 28.0106412648314)]
[([0, 0, 0, 7, 7], 29.190372550995637), ([1, 3, 6, 10, 2, 9, 4, 8, 5, 7], 29.190372550995637)]
[([0, 0, 0, 4, 4], 17.67039054322251), ([1, 5, 7, 8, 3, 6, 2, 10, 9, 4], 17.67039054322251)]
[([0, 0, 0, 4, 0], 16.864176266250198), ([1, 7, 5, 3, 6, 10, 2, 9, 8, 4], 16.864176266250198)]
[([0, 0, 0, 4, 4], 17.474040937730088), ([1, 7, 8, 6, 3, 2, 10, 9, 4, 5], 17.474040937730088)]
[([0, 0, 0, 7, 7], 27.150061051961107), ([1, 3, 6, 8, 2, 10, 9, 4, 5, 7], 27.150061051961107)]
[([0, 0, 0, 4, 4], 16.040407276038472), ([1, 8, 7, 6, 3, 10, 2, 9, 4, 5], 16.040407276038472)]
[([0, 0, 0, 4, 0], 17.474040937730088), ([1, 7, 8, 6, 3, 2, 10, 9, 4, 5], 17.474040937730088)]
[([0, 0, 0, 4, 0], 17.411124864597216), ([1, 7, 5, 8, 6, 3, 2, 10, 9, 4], 17.411124864597216)]
[([0, 0, 0, 7, 7], 29.13498826117605), ([1, 5, 8, 6, 3, 2, 10, 9, 4, 7], 29.13498826117605)]
[([0, 0, 0, 7, 7], 30.182138236663462), ([1, 5, 3, 6, 2, 10, 9, 4, 8, 7], 30.182138236663462)]
[([0, 0, 0, 7, 7], 29.190372550995637), ([1, 3, 6, 10, 2, 9, 4, 8, 5, 7], 29.190372550995637)]
[([0, 0, 0, 7, 0], 25.37524887136637), ([1, 4, 2, 10, 9, 5, 3, 6, 8, 7], 25.37524887136637)]
[([0, 0, 0, 7, 7], 27.877238279355634), ([1, 8, 3, 6, 10, 2, 9, 4, 5, 7], 27.877238279355634)]
[([0, 0, 0, 7, 0], 27.594230307124505), ([1, 3, 6, 4, 9, 2, 10, 8, 5, 7], 27.594230307124505)]
[([0, 0, 0, 7, 7], 19.98258004861421), ([1, 3, 2, 10, 6, 8, 9, 4, 7, 5], 19.98258004861421)]

