Fri Apr 29 20:48:50 2016
[([0, 8, 0, 0, 0], 52.07481295308037), ([1, 2, 10, 4, 9, 7, 3, 6, 5, 8], 52.07481295308037)]
[([0, 8, 0, 0, 0], 44.45609901077748), ([1, 10, 2, 4, 3, 9, 7, 6, 5, 8], 44.45609901077748)]
[([0, 6, 0, 0, 6], 26.68521360752985), ([1, 8, 2, 10, 4, 9, 3, 7, 5, 6], 26.68521360752985)]
[([0, 8, 0, 0, 0], 52.052188490684976), ([1, 2, 10, 4, 9, 7, 3, 5, 6, 8], 52.052188490684976)]
[([0, 6, 6, 6, 6], 26.235128898393786), ([1, 2, 10, 4, 8, 5, 9, 7, 3, 6], 26.235128898393786)]
[([0, 8, 0, 0, 0], 49.70748519605965), ([1, 2, 10, 4, 9, 7, 6, 3, 5, 8], 49.70748519605965)]
[([0, 6, 6, 0, 0], 26.601460417980867), ([1, 2, 10, 4, 9, 7, 3, 8, 5, 6], 26.601460417980867)]
[([0, 6, 0, 6, 0], 27.03612347921505), ([1, 8, 2, 10, 4, 7, 9, 3, 5, 6], 27.03612347921505)]
[([0, 8, 0, 0, 8], 52.07481295308037), ([1, 2, 10, 4, 9, 7, 3, 6, 5, 8], 52.07481295308037)]
[([0, 8, 0, 8, 8], 52.07481295308037), ([1, 2, 10, 4, 9, 7, 3, 6, 5, 8], 52.07481295308037)]
[([0, 8, 0, 0, 8], 40.25941493645881), ([1, 3, 7, 4, 10, 2, 9, 6, 5, 8], 40.25941493645881)]
[([0, 8, 0, 0, 0], 45.03984051687963), ([1, 5, 6, 3, 7, 9, 10, 2, 4, 8], 45.03984051687963)]
[([0, 8, 0, 8, 0], 43.413615898537174), ([1, 6, 3, 7, 9, 2, 10, 4, 5, 8], 43.413615898537174)]
[([0, 8, 0, 0, 8], 46.16925034872925), ([1, 10, 2, 4, 7, 9, 6, 3, 5, 8], 46.16925034872925)]
[([0, 8, 0, 8, 8], 42.02250435332715), ([1, 3, 5, 7, 9, 4, 2, 10, 6, 8], 42.02250435332715)]
[([0, 8, 0, 8, 0], 42.21817995872214), ([1, 6, 3, 7, 2, 10, 4, 9, 5, 8], 42.21817995872214)]
[([0, 8, 0, 0, 0], 52.07481295308037), ([1, 2, 10, 4, 9, 7, 3, 6, 5, 8], 52.07481295308037)]
[([0, 8, 0, 0, 0], 49.26800753276678), ([1, 2, 10, 4, 7, 9, 3, 6, 5, 8], 49.26800753276678)]
[([0, 8, 0, 8, 0], 52.07481295308037), ([1, 2, 10, 4, 9, 7, 3, 6, 5, 8], 52.07481295308037)]
[([0, 5, 5, 5, 0], 25.408572895342516), ([1, 8, 2, 10, 4, 9, 3, 7, 6, 5], 25.408572895342516)]
[([0, 8, 0, 8, 0], 46.539466693081174), ([1, 2, 10, 4, 3, 9, 7, 5, 6, 8], 46.539466693081174)]
[([0, 8, 0, 8, 0], 49.2477557621687), ([1, 2, 10, 4, 7, 9, 3, 5, 6, 8], 49.2477557621687)]
[([0, 8, 0, 8, 0], 52.07481295308037), ([1, 2, 10, 4, 9, 7, 3, 6, 5, 8], 52.07481295308037)]
[([0, 8, 0, 8, 0], 50.48395766851637), ([1, 10, 2, 4, 9, 7, 3, 6, 5, 8], 50.48395766851637)]
[([0, 5, 5, 5, 0], 25.150258450803843), ([1, 2, 10, 4, 8, 6, 3, 9, 7, 5], 25.150258450803843)]
[([0, 8, 0, 0, 0], 49.26800753276678), ([1, 2, 10, 4, 7, 9, 3, 6, 5, 8], 49.26800753276678)]
[([0, 8, 0, 8, 0], 43.73395850412184), ([1, 2, 10, 7, 9, 4, 3, 5, 6, 8], 43.73395850412184)]
[([0, 8, 0, 8, 0], 52.07481295308037), ([1, 2, 10, 4, 9, 7, 3, 6, 5, 8], 52.07481295308037)]
[([0, 8, 0, 0, 8], 49.210189468469494), ([1, 10, 2, 4, 9, 7, 5, 3, 6, 8], 49.210189468469494)]
[([0, 8, 0, 8, 8], 47.14511797427121), ([1, 2, 10, 4, 9, 5, 6, 3, 7, 8], 47.14511797427121)]

