Fri Apr 29 10:35:59 2016
[([0, 0, 0, 7, 0], 39.298901516347875), ([1, 9, 2, 5, 8, 4, 3, 10, 6, 7], 39.298901516347875)]
[([0, 0, 0, 7, 0], 42.76645933251603), ([1, 9, 6, 10, 3, 8, 4, 5, 2, 7], 42.76645933251603)]
[([0, 0, 0, 7, 0], 37.183551991842776), ([1, 2, 5, 4, 6, 8, 3, 10, 9, 7], 37.183551991842776)]
[([0, 0, 0, 7, 0], 42.40241605132743), ([1, 2, 5, 4, 8, 3, 10, 6, 9, 7], 42.40241605132743)]
[([0, 0, 0, 7, 0], 46.193237367093005), ([1, 9, 2, 5, 4, 8, 3, 10, 6, 7], 46.193237367093005)]
[([0, 0, 0, 7, 0], 38.4400433642698), ([1, 9, 10, 3, 6, 8, 4, 5, 2, 7], 38.4400433642698)]
[([0, 0, 0, 7, 0], 42.76645933251603), ([1, 9, 6, 10, 3, 8, 4, 5, 2, 7], 42.76645933251603)]
[([0, 0, 0, 7, 0], 40.36241455850861), ([1, 2, 5, 4, 8, 10, 3, 6, 9, 7], 40.36241455850861)]
[([0, 0, 0, 7, 0], 40.36241455850861), ([1, 2, 5, 4, 8, 10, 3, 6, 9, 7], 40.36241455850861)]
[([0, 0, 0, 7, 0], 41.42713910399273), ([1, 9, 2, 5, 4, 6, 8, 3, 10, 7], 41.42713910399273)]
[([0, 0, 0, 7, 0], 37.38851054329527), ([1, 5, 4, 8, 3, 10, 6, 2, 9, 7], 37.38851054329527)]
[([0, 0, 0, 7, 0], 40.12239592566676), ([1, 6, 10, 3, 8, 4, 2, 5, 9, 7], 40.12239592566676)]
[([0, 0, 0, 7, 0], 40.476436536867624), ([1, 3, 10, 6, 8, 4, 5, 2, 9, 7], 40.476436536867624)]
[([0, 0, 0, 7, 0], 39.52668992474355), ([1, 9, 2, 5, 4, 3, 10, 8, 6, 7], 39.52668992474355)]
[([0, 0, 0, 7, 0], 41.91185919675834), ([1, 9, 6, 2, 5, 4, 8, 3, 10, 7], 41.91185919675834)]
[([0, 0, 0, 7, 0], 41.34386559453733), ([1, 9, 5, 2, 4, 8, 3, 10, 6, 7], 41.34386559453733)]
[([0, 0, 0, 7, 0], 37.713599815933016), ([1, 9, 5, 2, 4, 8, 3, 6, 10, 7], 37.713599815933016)]
[([0, 0, 0, 7, 0], 37.28029941973788), ([1, 9, 6, 4, 2, 5, 8, 3, 10, 7], 37.28029941973788)]
[([0, 0, 0, 7, 0], 39.40211537889205), ([1, 9, 5, 2, 4, 8, 10, 3, 6, 7], 39.40211537889205)]
[([0, 0, 0, 7, 0], 38.02737434557889), ([1, 3, 10, 8, 4, 5, 2, 6, 9, 7], 38.02737434557889)]
[([0, 0, 0, 7, 0], 42.62493816317895), ([1, 9, 2, 5, 4, 8, 6, 3, 10, 7], 42.62493816317895)]
[([0, 0, 0, 7, 0], 46.193237367093005), ([1, 9, 2, 5, 4, 8, 3, 10, 6, 7], 46.193237367093005)]
[([0, 0, 0, 7, 0], 43.782543140192715), ([1, 9, 2, 5, 4, 8, 10, 3, 6, 7], 43.782543140192715)]
[([0, 0, 0, 7, 0], 41.42713910399273), ([1, 9, 2, 5, 4, 6, 8, 3, 10, 7], 41.42713910399273)]
[([0, 0, 0, 7, 0], 37.93235662524851), ([1, 9, 10, 3, 8, 4, 2, 5, 6, 7], 37.93235662524851)]
[([0, 0, 0, 7, 0], 46.193237367093005), ([1, 9, 2, 5, 4, 8, 3, 10, 6, 7], 46.193237367093005)]
[([0, 0, 0, 7, 0], 38.891397370567226), ([1, 9, 2, 5, 8, 4, 6, 10, 3, 7], 38.891397370567226)]
[([0, 0, 0, 7, 0], 35.24626278550313), ([1, 9, 10, 3, 8, 6, 2, 5, 4, 7], 35.24626278550313)]
[([0, 0, 0, 7, 0], 34.75443571046926), ([1, 9, 5, 6, 2, 4, 8, 3, 10, 7], 34.75443571046926)]
[([0, 0, 0, 7, 0], 44.67368752397353), ([1, 6, 10, 3, 8, 4, 5, 2, 9, 7], 44.67368752397353)]

