Fri Apr 29 23:36:37 2016
[([0, 0, 10, 0, 0], 33.4901729192039), ([1, 4, 7, 9, 3, 8, 5, 2, 6, 10], 33.4901729192039)]
[([0, 0, 10, 0, 10], 32.733339705682006), ([1, 5, 8, 9, 3, 6, 2, 7, 4, 10], 32.733339705682006)]
[([0, 0, 5, 0, 5], 27.69102564458616), ([1, 10, 2, 4, 7, 9, 3, 8, 6, 5], 27.69102564458616)]
[([0, 0, 10, 0, 10], 29.3547770931502), ([1, 2, 6, 7, 9, 5, 8, 3, 4, 10], 29.3547770931502)]
[([0, 0, 10, 0, 10], 32.52057356948037), ([1, 5, 2, 6, 8, 3, 9, 7, 4, 10], 32.52057356948037)]
[([0, 0, 10, 0, 10], 34.13690468442666), ([1, 5, 3, 8, 9, 7, 6, 2, 4, 10], 34.13690468442666)]
[([0, 0, 10, 0, 0], 31.451513528973226), ([1, 5, 8, 3, 2, 4, 7, 9, 6, 10], 31.451513528973226)]
[([0, 0, 5, 0, 5], 30.405374059656513), ([1, 4, 7, 10, 6, 2, 9, 3, 8, 5], 30.405374059656513)]
[([0, 0, 5, 0, 0], 31.324510851771894), ([1, 10, 2, 6, 7, 4, 9, 3, 8, 5], 31.324510851771894)]
[([0, 0, 10, 0, 10], 33.67838065858598), ([1, 4, 6, 2, 7, 9, 3, 8, 5, 10], 33.67838065858598)]
[([0, 0, 5, 0, 5], 33.48318786355852), ([1, 10, 4, 7, 6, 2, 9, 3, 8, 5], 33.48318786355852)]
[([0, 0, 10, 0, 10], 28.331488360889097), ([1, 9, 5, 8, 3, 4, 7, 6, 2, 10], 28.331488360889097)]
[([0, 0, 5, 0, 0], 29.05570300032674), ([1, 10, 4, 7, 9, 3, 8, 6, 2, 5], 29.05570300032674)]
[([0, 0, 10, 0, 10], 28.234677595542333), ([1, 8, 9, 3, 5, 6, 7, 2, 4, 10], 28.234677595542333)]
[([0, 0, 10, 0, 10], 37.57699248310879), ([1, 5, 8, 3, 9, 2, 6, 7, 4, 10], 37.57699248310879)]
[([0, 0, 10, 0, 0], 35.30715933622645), ([1, 5, 8, 3, 9, 7, 6, 4, 2, 10], 35.30715933622645)]
[([0, 0, 10, 0, 0], 34.00917290723886), ([1, 4, 2, 6, 7, 9, 3, 8, 5, 10], 34.00917290723886)]
[([0, 0, 10, 0, 0], 35.11279268188009), ([1, 5, 8, 3, 9, 2, 4, 7, 6, 10], 35.11279268188009)]
[([0, 0, 10, 0, 10], 28.869163864520402), ([1, 8, 3, 5, 9, 2, 7, 6, 4, 10], 28.869163864520402)]
[([0, 0, 10, 0, 10], 34.225815282793455), ([1, 5, 3, 8, 9, 6, 2, 7, 4, 10], 34.225815282793455)]
[([0, 0, 10, 0, 0], 32.21226753480847), ([1, 4, 2, 7, 9, 3, 8, 5, 6, 10], 32.21226753480847)]
[([0, 0, 10, 0, 10], 32.76972805691834), ([1, 5, 3, 8, 9, 6, 7, 2, 4, 10], 32.76972805691834)]
[([0, 0, 5, 0, 0], 32.98205760831026), ([1, 10, 2, 6, 4, 7, 9, 3, 8, 5], 32.98205760831026)]
[([0, 0, 10, 0, 0], 37.499475660550424), ([1, 5, 8, 3, 9, 7, 2, 6, 4, 10], 37.499475660550424)]
[([0, 0, 10, 0, 0], 32.43257441259203), ([1, 2, 9, 3, 8, 5, 6, 7, 4, 10], 32.43257441259203)]
[([0, 0, 5, 0, 5], 30.787684328471745), ([1, 4, 7, 2, 10, 6, 9, 3, 8, 5], 30.787684328471745)]
[([0, 0, 5, 0, 5], 27.336080044844334), ([1, 10, 8, 3, 9, 7, 6, 2, 4, 5], 27.336080044844334)]
[([0, 0, 10, 0, 10], 32.65200502543053), ([1, 4, 2, 7, 6, 9, 3, 8, 5, 10], 32.65200502543053)]
[([0, 0, 5, 0, 0], 33.415492413540164), ([1, 10, 4, 6, 2, 7, 9, 3, 8, 5], 33.415492413540164)]
[([0, 0, 10, 0, 10], 36.231370600331616), ([1, 5, 8, 3, 9, 6, 7, 2, 4, 10], 36.231370600331616)]

