Fri Apr 29 12:27:25 2016
[([0, 0, 0, 8, 8], 38.914283071399446), ([1, 5, 9, 2, 10, 3, 4, 6, 8, 7], 38.914283071399446)]
[([0, 0, 0, 8, 8], 35.751811576464114), ([1, 5, 4, 3, 2, 9, 10, 6, 8, 7], 35.751811576464114)]
[([0, 0, 0, 8, 0], 38.914283071399446), ([1, 5, 9, 2, 10, 3, 4, 6, 8, 7], 38.914283071399446)]
[([0, 0, 0, 8, 8], 42.11217415867547), ([1, 5, 2, 9, 10, 3, 4, 6, 8, 7], 42.11217415867547)]
[([0, 0, 0, 8, 0], 39.57686796420451), ([1, 5, 9, 10, 2, 3, 4, 6, 8, 7], 39.57686796420451)]
[([0, 0, 0, 8, 8], 36.080647421795405), ([1, 5, 3, 4, 10, 9, 2, 6, 8, 7], 36.080647421795405)]
[([0, 0, 0, 8, 0], 39.103842973201644), ([1, 5, 2, 3, 9, 10, 4, 6, 8, 7], 39.103842973201644)]
[([0, 0, 0, 8, 8], 39.226524075158196), ([1, 7, 5, 2, 10, 9, 3, 4, 6, 8], 39.226524075158196)]
[([0, 0, 0, 8, 8], 32.55326225293791), ([1, 5, 7, 3, 9, 10, 2, 4, 6, 8], 32.55326225293791)]
[([0, 0, 0, 8, 0], 38.45687247664799), ([1, 5, 2, 9, 3, 10, 4, 6, 8, 7], 38.45687247664799)]
[([0, 0, 0, 8, 0], 42.11217415867547), ([1, 5, 2, 9, 10, 3, 4, 6, 8, 7], 42.11217415867547)]
[([0, 0, 0, 8, 0], 42.11217415867547), ([1, 5, 2, 9, 10, 3, 4, 6, 8, 7], 42.11217415867547)]
[([0, 0, 0, 8, 0], 39.57686796420451), ([1, 5, 9, 10, 2, 3, 4, 6, 8, 7], 39.57686796420451)]
[([0, 0, 0, 8, 8], 37.168239238904654), ([1, 5, 9, 10, 3, 4, 2, 6, 8, 7], 37.168239238904654)]
[([0, 0, 0, 8, 0], 42.11217415867547), ([1, 5, 2, 9, 10, 3, 4, 6, 8, 7], 42.11217415867547)]
[([0, 0, 0, 8, 0], 37.168239238904654), ([1, 5, 9, 10, 3, 4, 2, 6, 8, 7], 37.168239238904654)]
[([0, 0, 0, 8, 0], 37.763078444939914), ([1, 5, 9, 10, 2, 4, 3, 6, 8, 7], 37.763078444939914)]
[([0, 0, 0, 8, 8], 35.78384962028081), ([1, 5, 4, 2, 9, 10, 3, 6, 8, 7], 35.78384962028081)]
[([0, 0, 0, 8, 0], 37.763078444939914), ([1, 5, 9, 10, 2, 4, 3, 6, 8, 7], 37.763078444939914)]
[([0, 0, 0, 8, 0], 37.27231761778471), ([1, 5, 2, 9, 10, 3, 6, 4, 8, 7], 37.27231761778471)]
[([0, 0, 0, 8, 0], 38.94737197524701), ([1, 5, 2, 3, 10, 9, 4, 6, 8, 7], 38.94737197524701)]
[([0, 0, 0, 8, 0], 36.795887490159444), ([1, 5, 10, 9, 2, 4, 3, 6, 8, 7], 36.795887490159444)]
[([0, 0, 0, 8, 0], 37.168239238904654), ([1, 5, 9, 10, 3, 4, 2, 6, 8, 7], 37.168239238904654)]
[([0, 0, 0, 8, 0], 36.24977474624924), ([1, 6, 4, 3, 9, 10, 2, 5, 7, 8], 36.24977474624924)]
[([0, 0, 0, 8, 0], 36.331483492144606), ([1, 5, 9, 3, 2, 10, 4, 6, 8, 7], 36.331483492144606)]
[([0, 0, 0, 8, 0], 37.33218094264431), ([1, 5, 2, 4, 10, 9, 3, 6, 8, 7], 37.33218094264431)]
[([0, 0, 0, 8, 0], 35.1831914667434), ([1, 5, 9, 10, 3, 4, 6, 2, 8, 7], 35.1831914667434)]
[([0, 0, 0, 8, 8], 35.75919987824339), ([1, 5, 4, 10, 9, 2, 3, 6, 8, 7], 35.75919987824339)]
[([0, 0, 0, 8, 0], 40.372000763372824), ([1, 5, 2, 10, 9, 3, 4, 6, 8, 7], 40.372000763372824)]
[([0, 0, 0, 8, 0], 35.1831914667434), ([1, 5, 9, 10, 3, 4, 6, 2, 8, 7], 35.1831914667434)]

