Fri Apr 29 22:40:39 2016
[([0, 0, 0, 0, 5], 12.979765320459247), ([1, 4, 6, 9, 10, 7, 3, 2, 8, 5], 12.979765320459247)]
[([0, 0, 0, 0, 5], 12.704766640834853), ([1, 2, 7, 10, 9, 6, 4, 3, 5, 8], 12.704766640834853)]
[([0, 0, 0, 0, 5], 12.554240294763074), ([1, 7, 10, 9, 6, 2, 4, 3, 8, 5], 12.554240294763074)]
[([0, 0, 0, 0, 5], 15.731819628068916), ([1, 2, 3, 4, 7, 10, 9, 6, 5, 8], 15.731819628068916)]
[([0, 0, 0, 0, 5], 12.933543878141792), ([1, 3, 7, 10, 9, 6, 4, 2, 8, 5], 12.933543878141792)]
[([0, 0, 0, 0, 5], 14.191854608495584), ([1, 8, 6, 9, 10, 7, 4, 3, 2, 5], 14.191854608495584)]
[([0, 0, 0, 0, 5], 13.733808557674694), ([1, 2, 6, 9, 10, 7, 4, 3, 5, 8], 13.733808557674694)]
[([0, 0, 0, 0, 5], 11.88353532090742), ([1, 6, 9, 10, 4, 7, 2, 3, 8, 5], 11.88353532090742)]
[([0, 0, 0, 0, 5], 13.80949382480799), ([1, 2, 6, 9, 10, 7, 4, 3, 8, 5], 13.80949382480799)]
[([0, 0, 0, 0, 5], 13.660169414989243), ([1, 6, 9, 10, 7, 4, 2, 3, 8, 5], 13.660169414989243)]
[([0, 0, 0, 0, 5], 15.731819628068916), ([1, 2, 3, 4, 7, 10, 9, 6, 5, 8], 15.731819628068916)]
[([0, 0, 0, 0, 5], 14.309271585084964), ([1, 4, 2, 3, 7, 10, 9, 6, 5, 8], 14.309271585084964)]
[([0, 0, 0, 0, 5], 11.624267259184698), ([1, 2, 4, 3, 7, 6, 9, 10, 5, 8], 11.624267259184698)]
[([0, 0, 0, 0, 5], 15.731819628068916), ([1, 2, 3, 4, 7, 10, 9, 6, 5, 8], 15.731819628068916)]
[([0, 0, 0, 0, 5], 12.61350890530232), ([1, 7, 10, 9, 6, 2, 3, 4, 8, 5], 12.61350890530232)]
[([0, 0, 0, 0, 5], 13.660169414989243), ([1, 6, 9, 10, 7, 4, 2, 3, 8, 5], 13.660169414989243)]
[([0, 0, 0, 0, 5], 13.80949382480799), ([1, 2, 6, 9, 10, 7, 4, 3, 8, 5], 13.80949382480799)]
[([0, 0, 0, 0, 5], 12.843808958199393), ([1, 9, 10, 7, 4, 3, 2, 6, 5, 8], 12.843808958199393)]
[([0, 0, 0, 0, 5], 12.996093633890046), ([1, 3, 8, 6, 9, 10, 7, 4, 2, 5], 12.996093633890046)]
[([0, 0, 0, 0, 5], 12.44221433495245), ([1, 2, 7, 10, 9, 6, 3, 4, 5, 8], 12.44221433495245)]
[([0, 0, 0, 0, 5], 13.79228653535846), ([1, 3, 4, 7, 10, 9, 6, 2, 8, 5], 13.79228653535846)]
[([0, 0, 0, 0, 5], 14.041171906685049), ([1, 3, 4, 2, 7, 10, 9, 6, 5, 8], 14.041171906685049)]
[([0, 0, 0, 0, 5], 12.67956159808307), ([1, 6, 2, 3, 4, 7, 10, 9, 8, 5], 12.67956159808307)]
[([0, 0, 0, 0, 5], 13.670466935356043), ([1, 6, 9, 10, 7, 3, 4, 2, 5, 8], 13.670466935356043)]
[([0, 0, 0, 0, 5], 13.182191315466293), ([1, 4, 7, 10, 9, 6, 3, 2, 8, 5], 13.182191315466293)]
[([0, 0, 0, 0, 5], 12.843808958199393), ([1, 9, 10, 7, 4, 3, 2, 6, 5, 8], 12.843808958199393)]
[([0, 8, 0, 0, 0], 2.406570642835128), ([1, 6, 9, 10, 7, 3, 2, 4, 5, 8], 2.406570642835128)]
[([0, 0, 0, 0, 5], 13.015741919511468), ([1, 6, 9, 10, 7, 2, 3, 4, 8, 5], 13.015741919511468)]
[([0, 0, 0, 0, 5], 13.6589653656419), ([1, 2, 8, 6, 9, 10, 7, 4, 3, 5], 13.6589653656419)]
[([0, 0, 0, 0, 5], 12.171005794394265), ([1, 3, 2, 9, 10, 7, 4, 6, 8, 5], 12.171005794394265)]

