Fri Apr 29 12:00:34 2016
[([0, 0, 0, 0, 5], 32.52186928173066), ([1, 8, 3, 6, 2, 10, 4, 9, 7, 5], 32.52186928173066)]
[([0, 0, 0, 0, 5], 36.755812789766125), ([1, 8, 3, 2, 6, 4, 9, 7, 10, 5], 36.755812789766125)]
[([0, 0, 0, 0, 5], 36.755812789766125), ([1, 8, 3, 2, 6, 4, 9, 7, 10, 5], 36.755812789766125)]
[([0, 0, 0, 0, 5], 34.24406218391665), ([1, 10, 7, 9, 4, 2, 6, 8, 3, 5], 34.24406218391665)]
[([0, 0, 0, 0, 5], 34.91394075253522), ([1, 8, 3, 6, 2, 9, 4, 7, 10, 5], 34.91394075253522)]
[([0, 0, 0, 0, 5], 36.755812789766125), ([1, 8, 3, 2, 6, 4, 9, 7, 10, 5], 36.755812789766125)]
[([0, 0, 0, 0, 5], 35.07633179514849), ([1, 3, 8, 6, 2, 4, 9, 7, 10, 5], 35.07633179514849)]
[([0, 0, 0, 0, 5], 36.755812789766125), ([1, 8, 3, 2, 6, 4, 9, 7, 10, 5], 36.755812789766125)]
[([0, 0, 0, 0, 5], 34.34730658347774), ([1, 8, 6, 2, 3, 4, 9, 7, 10, 5], 34.34730658347774)]
[([0, 0, 0, 0, 5], 32.620937104478664), ([1, 8, 6, 2, 4, 10, 7, 9, 3, 5], 32.620937104478664)]
[([0, 0, 0, 0, 5], 33.93586882565577), ([1, 8, 2, 6, 3, 7, 4, 9, 10, 5], 33.93586882565577)]
[([0, 0, 0, 0, 5], 31.986619948863773), ([1, 8, 3, 10, 4, 6, 2, 9, 7, 5], 31.986619948863773)]
[([0, 0, 0, 0, 5], 32.51791908320197), ([1, 8, 6, 2, 7, 4, 9, 10, 3, 5], 32.51791908320197)]
[([0, 0, 0, 0, 5], 32.16435604019486), ([1, 8, 3, 10, 2, 6, 4, 9, 7, 5], 32.16435604019486)]
[([0, 0, 0, 0, 5], 31.30861800298326), ([1, 7, 9, 4, 6, 2, 3, 8, 10, 5], 31.30861800298326)]
[([0, 0, 0, 0, 5], 31.961798130797213), ([1, 8, 6, 2, 10, 7, 4, 9, 3, 5], 31.961798130797213)]
[([0, 0, 0, 0, 5], 35.27855158281424), ([1, 8, 3, 2, 6, 9, 4, 7, 10, 5], 35.27855158281424)]
[([0, 0, 0, 0, 5], 35.65798073919686), ([1, 3, 8, 2, 6, 4, 9, 7, 10, 5], 35.65798073919686)]
[([0, 0, 0, 0, 5], 34.34730658347774), ([1, 8, 6, 2, 3, 4, 9, 7, 10, 5], 34.34730658347774)]
[([0, 0, 0, 0, 5], 34.34730658347774), ([1, 8, 6, 2, 3, 4, 9, 7, 10, 5], 34.34730658347774)]
[([0, 0, 0, 8, 8], 31.79811718273191), ([1, 5, 3, 7, 10, 4, 9, 6, 2, 8], 31.79811718273191)]
[([0, 0, 0, 0, 5], 34.39142943692363), ([1, 8, 6, 2, 3, 7, 9, 4, 10, 5], 34.39142943692363)]
[([0, 0, 0, 0, 5], 36.755812789766125), ([1, 8, 3, 2, 6, 4, 9, 7, 10, 5], 36.755812789766125)]
[([0, 0, 0, 0, 5], 34.06432839164543), ([1, 10, 9, 7, 4, 6, 2, 8, 3, 5], 34.06432839164543)]
[([0, 0, 0, 0, 5], 34.06432839164543), ([1, 10, 9, 7, 4, 6, 2, 8, 3, 5], 34.06432839164543)]
[([0, 0, 0, 0, 5], 32.52186928173066), ([1, 8, 3, 6, 2, 10, 4, 9, 7, 5], 32.52186928173066)]
[([0, 0, 0, 0, 5], 36.755812789766125), ([1, 8, 3, 2, 6, 4, 9, 7, 10, 5], 36.755812789766125)]
[([0, 0, 0, 0, 5], 33.801971561575755), ([1, 8, 2, 6, 4, 9, 7, 3, 10, 5], 33.801971561575755)]
[([0, 0, 0, 0, 5], 31.57168551144849), ([1, 10, 4, 6, 2, 8, 3, 9, 7, 5], 31.57168551144849)]
[([0, 0, 0, 0, 5], 36.755812789766125), ([1, 8, 3, 2, 6, 4, 9, 7, 10, 5], 36.755812789766125)]

