Fri Apr 29 17:05:33 2016
[([0, 0, 4, 0, 4], 1.2229661051040626), ([1, 5, 9, 2, 10, 3, 7, 6, 4, 8], 1.2229661051040626)]
[([0, 8, 0, 8, 8], 2.2254954151254065), ([1, 4, 7, 3, 5, 9, 2, 10, 6, 8], 2.2254954151254065)]
[([0, 8, 0, 8, 0], 2.3006766918900836), ([1, 10, 2, 9, 5, 3, 7, 6, 4, 8], 2.3006766918900836)]
[([0, 8, 0, 0, 8], 2.2051817514618746), ([1, 6, 10, 9, 2, 5, 3, 7, 4, 8], 2.2051817514618746)]
[([0, 8, 0, 8, 8], 2.1114696310603147), ([1, 7, 3, 10, 2, 9, 5, 6, 4, 8], 2.1114696310603147)]
[([0, 8, 0, 8, 0], 2.191479271162076), ([1, 6, 5, 10, 2, 9, 3, 7, 4, 8], 2.191479271162076)]
[([0, 0, 0, 8, 0], 1.440437846000895), ([1, 9, 5, 7, 3, 2, 10, 6, 4, 8], 1.440437846000895)]
[([0, 8, 0, 0, 0], 2.191479271162076), ([1, 6, 5, 10, 2, 9, 3, 7, 4, 8], 2.191479271162076)]
[([0, 8, 0, 8, 0], 2.191479271162076), ([1, 6, 5, 10, 2, 9, 3, 7, 4, 8], 2.191479271162076)]
[([0, 0, 4, 0, 0], 1.1740938256954667), ([1, 6, 7, 3, 10, 9, 2, 5, 4, 8], 1.1740938256954667)]
[([0, 0, 4, 0, 0], 1.2383831537910561), ([1, 8, 6, 10, 2, 9, 5, 3, 7, 4], 1.2383831537910561)]
[([0, 8, 0, 8, 0], 2.3006766918900836), ([1, 10, 2, 9, 5, 3, 7, 6, 4, 8], 2.3006766918900836)]
[([0, 0, 4, 0, 0], 1.2054070357977187), ([1, 6, 7, 3, 5, 2, 9, 10, 4, 8], 1.2054070357977187)]
[([0, 8, 0, 8, 8], 2.1819763643076198), ([1, 6, 5, 9, 2, 10, 3, 7, 4, 8], 2.1819763643076198)]
[([0, 8, 0, 0, 8], 2.1700490659558214), ([1, 5, 9, 2, 10, 3, 7, 4, 6, 8], 2.1700490659558214)]
[([0, 8, 0, 8, 0], 2.1773457609933486), ([1, 7, 3, 5, 9, 2, 10, 6, 4, 8], 2.1773457609933486)]
[([0, 0, 4, 4, 4], 1.1553882422458874), ([1, 3, 7, 10, 2, 9, 5, 6, 4, 8], 1.1553882422458874)]
[([0, 8, 0, 8, 8], 2.085550059295715), ([1, 10, 2, 9, 5, 6, 7, 3, 4, 8], 2.085550059295715)]
[([0, 0, 4, 4, 4], 1.2674241354428704), ([1, 10, 2, 9, 5, 3, 7, 6, 4, 8], 1.2674241354428704)]
[([0, 8, 0, 0, 0], 2.3006766918900836), ([1, 10, 2, 9, 5, 3, 7, 6, 4, 8], 2.3006766918900836)]
[([0, 8, 0, 8, 8], 2.1018633599244847), ([1, 7, 3, 5, 9, 2, 10, 4, 6, 8], 2.1018633599244847)]
[([0, 0, 4, 0, 4], 1.214676232981749), ([1, 6, 8, 10, 2, 9, 5, 3, 7, 4], 1.214676232981749)]
[([0, 8, 0, 0, 0], 2.3006766918900836), ([1, 10, 2, 9, 5, 3, 7, 6, 4, 8], 2.3006766918900836)]
[([0, 0, 4, 4, 4], 1.201398873696262), ([1, 5, 10, 9, 2, 3, 7, 6, 4, 8], 1.201398873696262)]
[([0, 8, 0, 0, 0], 2.2514359556020884), ([1, 10, 9, 2, 5, 3, 7, 6, 4, 8], 2.2514359556020884)]
[([0, 8, 0, 8, 0], 2.1801698930931033), ([1, 10, 2, 9, 5, 7, 3, 6, 4, 8], 2.1801698930931033)]
[([0, 0, 4, 0, 4], 1.2075744170824425), ([1, 10, 2, 9, 5, 3, 7, 8, 6, 4], 1.2075744170824425)]
[([0, 8, 0, 0, 0], 2.0334260700141997), ([1, 3, 7, 5, 2, 9, 10, 6, 4, 8], 2.0334260700141997)]
[([0, 8, 0, 0, 0], 2.3006766918900836), ([1, 10, 2, 9, 5, 3, 7, 6, 4, 8], 2.3006766918900836)]
[([0, 8, 0, 0, 0], 2.1018633599244847), ([1, 7, 3, 5, 9, 2, 10, 4, 6, 8], 2.1018633599244847)]

