Fri Apr 29 22:12:20 2016
[([0, 0, 8, 0, 8], 50.25616664195157), ([1, 2, 5, 7, 4, 9, 10, 6, 3, 8], 50.25616664195157)]
[([0, 0, 8, 8, 8], 54.51719396095271), ([1, 2, 7, 9, 4, 10, 6, 5, 3, 8], 54.51719396095271)]
[([0, 0, 8, 8, 8], 53.31839886643783), ([1, 5, 2, 7, 9, 4, 10, 6, 3, 8], 53.31839886643783)]
[([0, 0, 8, 8, 0], 58.116465688929964), ([1, 2, 7, 9, 4, 6, 10, 3, 5, 8], 58.116465688929964)]
[([0, 0, 8, 0, 0], 54.90973568815597), ([1, 2, 7, 6, 10, 4, 9, 3, 5, 8], 54.90973568815597)]
[([0, 0, 8, 8, 8], 51.880628798473964), ([1, 2, 7, 9, 6, 10, 4, 3, 5, 8], 51.880628798473964)]
[([0, 0, 8, 8, 8], 51.671170753395046), ([1, 7, 9, 4, 6, 10, 3, 5, 2, 8], 51.671170753395046)]
[([0, 0, 8, 0, 8], 51.05282293826273), ([1, 2, 6, 10, 9, 4, 7, 3, 5, 8], 51.05282293826273)]
[([0, 0, 8, 0, 0], 47.28076974815454), ([1, 5, 2, 3, 9, 4, 10, 6, 7, 8], 47.28076974815454)]
[([0, 0, 8, 0, 8], 51.319841837993515), ([1, 7, 9, 4, 10, 6, 3, 2, 5, 8], 51.319841837993515)]
[([0, 0, 8, 0, 8], 55.00001963716332), ([1, 2, 7, 4, 9, 6, 10, 3, 5, 8], 55.00001963716332)]
[([0, 0, 8, 8, 0], 50.892181385852155), ([1, 2, 3, 6, 10, 9, 4, 7, 5, 8], 50.892181385852155)]
[([0, 0, 8, 0, 8], 58.88845828631151), ([1, 2, 7, 9, 4, 10, 6, 3, 5, 8], 58.88845828631151)]
[([0, 0, 8, 8, 0], 49.79033323826313), ([1, 10, 6, 4, 9, 7, 2, 3, 5, 8], 49.79033323826313)]
[([0, 0, 8, 0, 8], 55.00001963716332), ([1, 2, 7, 4, 9, 6, 10, 3, 5, 8], 55.00001963716332)]
[([0, 0, 8, 8, 0], 58.88845828631151), ([1, 2, 7, 9, 4, 10, 6, 3, 5, 8], 58.88845828631151)]
[([0, 0, 8, 0, 0], 55.100913184927386), ([1, 5, 3, 6, 10, 4, 9, 7, 2, 8], 55.100913184927386)]
[([0, 0, 8, 8, 0], 54.90973568815597), ([1, 2, 7, 6, 10, 4, 9, 3, 5, 8], 54.90973568815597)]
[([0, 0, 8, 0, 8], 55.378725969566226), ([1, 2, 7, 4, 9, 10, 6, 3, 5, 8], 55.378725969566226)]
[([0, 0, 8, 8, 0], 50.206451057070765), ([1, 3, 6, 10, 9, 4, 7, 2, 5, 8], 50.206451057070765)]
[([0, 0, 8, 0, 0], 52.500583331112914), ([1, 2, 5, 7, 9, 4, 6, 10, 3, 8], 52.500583331112914)]
[([0, 0, 8, 8, 0], 51.0298120832999), ([1, 3, 5, 6, 10, 4, 9, 7, 2, 8], 51.0298120832999)]
[([0, 0, 8, 0, 8], 53.07421885839279), ([1, 3, 6, 10, 4, 9, 7, 2, 5, 8], 53.07421885839279)]
[([0, 0, 8, 0, 8], 55.378725969566226), ([1, 2, 7, 4, 9, 10, 6, 3, 5, 8], 55.378725969566226)]
[([0, 0, 8, 0, 0], 58.116465688929964), ([1, 2, 7, 9, 4, 6, 10, 3, 5, 8], 58.116465688929964)]
[([0, 0, 8, 0, 0], 55.00001963716332), ([1, 2, 7, 4, 9, 6, 10, 3, 5, 8], 55.00001963716332)]
[([0, 0, 8, 0, 0], 58.88845828631151), ([1, 2, 7, 9, 4, 10, 6, 3, 5, 8], 58.88845828631151)]
[([0, 0, 8, 0, 8], 49.95425436124828), ([1, 2, 3, 7, 4, 9, 10, 6, 5, 8], 49.95425436124828)]
[([0, 0, 8, 8, 8], 51.671170753395046), ([1, 7, 9, 4, 6, 10, 3, 5, 2, 8], 51.671170753395046)]
[([0, 0, 8, 0, 8], 54.90973568815597), ([1, 2, 7, 6, 10, 4, 9, 3, 5, 8], 54.90973568815597)]

