Fri Apr 29 21:45:08 2016
[([0, 0, 0, 0, 4], 41.020985544170344), ([1, 2, 9, 8, 6, 10, 5, 7, 3, 4], 41.020985544170344)]
[([0, 0, 0, 0, 4], 42.10385727251549), ([1, 3, 7, 9, 8, 6, 10, 5, 2, 4], 42.10385727251549)]
[([0, 0, 0, 0, 4], 42.55962987865983), ([1, 2, 3, 7, 8, 6, 10, 9, 5, 4], 42.55962987865983)]
[([0, 0, 0, 0, 4], 40.814199323212975), ([1, 5, 9, 10, 6, 8, 2, 7, 3, 4], 40.814199323212975)]
[([0, 0, 0, 0, 4], 41.7396421165902), ([1, 3, 7, 5, 9, 10, 6, 8, 2, 4], 41.7396421165902)]
[([0, 0, 0, 0, 4], 40.410237098819984), ([1, 5, 8, 6, 10, 9, 7, 3, 2, 4], 40.410237098819984)]
[([0, 0, 0, 0, 4], 38.131274986009785), ([1, 3, 9, 8, 6, 10, 5, 7, 2, 4], 38.131274986009785)]
[([0, 0, 0, 0, 4], 39.67520400093278), ([1, 3, 7, 8, 6, 10, 5, 9, 2, 4], 39.67520400093278)]
[([0, 0, 0, 0, 4], 41.30652944717056), ([1, 2, 8, 10, 6, 9, 5, 7, 3, 4], 41.30652944717056)]
[([0, 0, 0, 0, 4], 42.206158918651546), ([1, 2, 5, 10, 6, 8, 9, 7, 3, 4], 42.206158918651546)]
[([0, 0, 0, 0, 4], 39.54055658689341), ([1, 3, 8, 6, 10, 9, 5, 7, 2, 4], 39.54055658689341)]
[([0, 0, 0, 0, 4], 38.97438074296721), ([1, 10, 6, 8, 9, 5, 7, 3, 2, 4], 38.97438074296721)]
[([0, 0, 0, 0, 4], 44.813467104496546), ([1, 3, 7, 8, 6, 10, 9, 5, 2, 4], 44.813467104496546)]
[([0, 0, 0, 0, 4], 44.31459548902416), ([1, 2, 5, 9, 6, 10, 8, 7, 3, 4], 44.31459548902416)]
[([0, 0, 0, 0, 4], 40.410237098819984), ([1, 5, 8, 6, 10, 9, 7, 3, 2, 4], 40.410237098819984)]
[([0, 0, 0, 0, 4], 41.17834294772802), ([1, 7, 8, 10, 6, 9, 5, 2, 3, 4], 41.17834294772802)]
[([0, 0, 0, 0, 4], 41.49490520000708), ([1, 3, 7, 9, 6, 10, 8, 5, 2, 4], 41.49490520000708)]
[([0, 0, 0, 0, 4], 42.13542478788936), ([1, 2, 5, 8, 6, 10, 9, 7, 3, 4], 42.13542478788936)]
[([0, 0, 0, 0, 4], 39.71148508003396), ([1, 5, 9, 10, 6, 8, 3, 7, 2, 4], 39.71148508003396)]
[([0, 0, 0, 0, 4], 40.47529307758135), ([1, 5, 10, 6, 8, 9, 7, 3, 2, 4], 40.47529307758135)]
[([0, 0, 0, 0, 4], 41.708664632277994), ([1, 7, 8, 6, 10, 9, 5, 2, 3, 4], 41.708664632277994)]
[([0, 0, 0, 0, 4], 40.47529307758135), ([1, 5, 10, 6, 8, 9, 7, 3, 2, 4], 40.47529307758135)]
[([0, 0, 0, 0, 4], 44.813467104496546), ([1, 3, 7, 8, 6, 10, 9, 5, 2, 4], 44.813467104496546)]
[([0, 0, 0, 0, 4], 44.813467104496546), ([1, 3, 7, 8, 6, 10, 9, 5, 2, 4], 44.813467104496546)]
[([0, 0, 0, 0, 4], 39.0030206886399), ([1, 3, 5, 9, 8, 6, 10, 7, 2, 4], 39.0030206886399)]
[([0, 0, 0, 0, 4], 41.30652944717056), ([1, 2, 8, 10, 6, 9, 5, 7, 3, 4], 41.30652944717056)]
[([0, 0, 0, 0, 4], 39.19503462891067), ([1, 9, 6, 10, 8, 5, 2, 7, 3, 4], 39.19503462891067)]
[([0, 0, 0, 0, 4], 40.47529307758135), ([1, 5, 10, 6, 8, 9, 7, 3, 2, 4], 40.47529307758135)]
[([0, 0, 0, 0, 4], 44.929377892430445), ([1, 2, 5, 9, 10, 6, 8, 7, 3, 4], 44.929377892430445)]
[([0, 0, 0, 0, 4], 42.03346533891601), ([1, 3, 7, 9, 10, 6, 8, 5, 2, 4], 42.03346533891601)]

