Fri Apr 29 14:18:46 2016
[([0, 0, 5, 5, 0], 1.150102106116065), ([1, 4, 7, 8, 2, 9, 10, 3, 6, 5], 1.150102106116065)]
[([0, 0, 0, 0, 7], 7.434170023953338), ([1, 3, 8, 2, 9, 10, 6, 4, 7, 5], 7.434170023953338)]
[([0, 0, 5, 5, 0], 1.1379232975612597), ([1, 4, 8, 2, 9, 10, 6, 3, 7, 5], 1.1379232975612597)]
[([0, 0, 5, 0, 0], 1.1204612632186024), ([1, 6, 10, 9, 2, 8, 4, 7, 3, 5], 1.1204612632186024)]
[([0, 0, 0, 0, 7], 7.45653910198158), ([1, 3, 6, 9, 2, 8, 10, 4, 7, 5], 7.45653910198158)]
[([0, 0, 5, 0, 0], 1.0354180828751376), ([1, 9, 2, 8, 4, 7, 10, 3, 6, 5], 1.0354180828751376)]
[([0, 0, 0, 0, 7], 7.349132116711775), ([1, 3, 9, 10, 6, 2, 8, 4, 7, 5], 7.349132116711775)]
[([0, 0, 0, 0, 7], 7.103795135559774), ([1, 9, 10, 3, 6, 4, 8, 2, 7, 5], 7.103795135559774)]
[([0, 0, 0, 0, 7], 8.94242220859103), ([1, 3, 6, 10, 9, 2, 8, 4, 7, 5], 8.94242220859103)]
[([0, 0, 0, 0, 7], 7.7059511455422545), ([1, 6, 3, 8, 2, 9, 10, 4, 7, 5], 7.7059511455422545)]
[([0, 0, 0, 0, 7], 7.466524182075881), ([1, 3, 6, 10, 9, 4, 2, 8, 7, 5], 7.466524182075881)]
[([0, 0, 0, 0, 7], 7.2420869206876874), ([1, 3, 6, 9, 8, 2, 10, 4, 7, 5], 7.2420869206876874)]
[([0, 0, 0, 0, 7], 8.773076294050622), ([1, 6, 3, 10, 9, 2, 8, 4, 7, 5], 8.773076294050622)]
[([0, 0, 5, 5, 0], 1.122743261718029), ([1, 8, 2, 9, 10, 6, 3, 7, 4, 5], 1.122743261718029)]
[([0, 0, 0, 0, 7], 7.741999239166466), ([1, 6, 3, 4, 8, 2, 9, 10, 7, 5], 7.741999239166466)]
[([0, 0, 5, 0, 0], 1.019920335806757), ([1, 8, 2, 9, 6, 3, 10, 4, 7, 5], 1.019920335806757)]
[([0, 0, 0, 0, 7], 4.368183583566994), ([1, 6, 8, 2, 9, 10, 3, 7, 4, 5], 4.368183583566994)]
[([0, 0, 5, 0, 0], 1.0447587254876376), ([1, 4, 7, 2, 8, 9, 10, 6, 3, 5], 1.0447587254876376)]
[([0, 0, 0, 0, 7], 8.773076294050622), ([1, 6, 3, 10, 9, 2, 8, 4, 7, 5], 8.773076294050622)]
[([0, 0, 5, 0, 0], 1.0430586772313715), ([1, 3, 8, 2, 9, 10, 6, 4, 7, 5], 1.0430586772313715)]
[([0, 0, 0, 0, 7], 8.94242220859103), ([1, 3, 6, 10, 9, 2, 8, 4, 7, 5], 8.94242220859103)]
[([0, 0, 5, 0, 0], 1.0718781674189233), ([1, 6, 3, 7, 8, 2, 9, 10, 4, 5], 1.0718781674189233)]
[([0, 0, 5, 5, 0], 1.1379232975612597), ([1, 4, 8, 2, 9, 10, 6, 3, 7, 5], 1.1379232975612597)]
[([0, 0, 5, 5, 0], 1.1379232975612597), ([1, 4, 8, 2, 9, 10, 6, 3, 7, 5], 1.1379232975612597)]
[([0, 0, 5, 5, 0], 1.3055463386703428), ([1, 3, 6, 10, 9, 2, 8, 4, 7, 5], 1.3055463386703428)]
[([0, 0, 0, 0, 6], 2.7916577248321155), ([1, 2, 8, 7, 4, 9, 10, 3, 6, 5], 2.7916577248321155)]
[([0, 0, 0, 0, 6], 7.97494216073511), ([1, 9, 8, 2, 4, 7, 5, 10, 3, 6], 7.97494216073511)]
[([0, 0, 0, 0, 8], 2.212543568559464), ([1, 4, 7, 6, 3, 10, 9, 2, 8, 5], 2.212543568559464)]
[([0, 0, 0, 0, 7], 7.853512552908673), ([1, 4, 8, 2, 9, 10, 3, 6, 7, 5], 7.853512552908673)]
[([0, 0, 0, 0, 7], 8.184530474105584), ([1, 3, 6, 9, 10, 2, 8, 4, 7, 5], 8.184530474105584)]

