Fri Apr 29 16:09:12 2016
[([0, 0, 0, 0, 9], 17.352403979821656), ([1, 10, 3, 7, 2, 5, 8, 4, 9, 6], 17.352403979821656)]
[([6, 6, 6, 0, 0], 2.1847187890217503), ([1, 5, 2, 8, 7, 3, 10, 4, 9, 6], 2.1847187890217503)]
[([0, 0, 0, 0, 9], 17.125209225287442), ([1, 3, 2, 7, 10, 8, 5, 4, 9, 6], 17.125209225287442)]
[([0, 0, 0, 0, 9], 19.525531812021182), ([1, 3, 7, 8, 5, 2, 10, 4, 9, 6], 19.525531812021182)]
[([6, 6, 0, 0, 0], 2.2725510717616304), ([1, 9, 4, 10, 8, 3, 7, 2, 5, 6], 2.2725510717616304)]
[([0, 0, 0, 0, 9], 20.56168772338388), ([1, 8, 3, 7, 2, 5, 10, 4, 9, 6], 20.56168772338388)]
[([0, 0, 0, 0, 9], 20.02814635734509), ([1, 5, 8, 2, 7, 3, 10, 4, 9, 6], 20.02814635734509)]
[([0, 0, 0, 0, 9], 21.16693499368943), ([1, 3, 7, 2, 5, 8, 10, 4, 9, 6], 21.16693499368943)]
[([0, 0, 0, 0, 9], 20.90271867673104), ([1, 8, 5, 3, 7, 2, 10, 4, 9, 6], 20.90271867673104)]
[([6, 6, 0, 0, 0], 2.4634855196154146), ([1, 3, 7, 2, 8, 5, 10, 4, 9, 6], 2.4634855196154146)]
[([0, 0, 0, 0, 9], 20.83253428770453), ([1, 3, 2, 7, 8, 5, 10, 4, 9, 6], 20.83253428770453)]
[([6, 6, 0, 6, 0], 2.4369346421418796), ([1, 3, 7, 2, 5, 8, 10, 4, 9, 6], 2.4369346421418796)]
[([0, 0, 0, 0, 9], 16.25219614093596), ([1, 5, 8, 10, 7, 2, 3, 4, 9, 6], 16.25219614093596)]
[([6, 6, 0, 0, 0], 2.296900038340535), ([1, 8, 5, 7, 2, 3, 10, 4, 9, 6], 2.296900038340535)]
[([0, 0, 0, 0, 9], 18.75593444940661), ([1, 8, 7, 3, 2, 5, 10, 4, 9, 6], 18.75593444940661)]
[([6, 0, 0, 6, 0], 2.3097406860277485), ([1, 3, 7, 5, 8, 2, 10, 4, 9, 6], 2.3097406860277485)]
[([6, 6, 6, 6, 0], 2.308860628359327), ([1, 5, 8, 7, 2, 3, 10, 4, 9, 6], 2.308860628359327)]
[([6, 6, 0, 6, 0], 2.264511453131617), ([1, 4, 10, 2, 7, 3, 8, 5, 9, 6], 2.264511453131617)]
[([0, 0, 0, 0, 9], 21.16693499368943), ([1, 3, 7, 2, 5, 8, 10, 4, 9, 6], 21.16693499368943)]
[([0, 0, 0, 0, 9], 21.24312381395456), ([1, 5, 8, 3, 7, 2, 10, 4, 9, 6], 21.24312381395456)]
[([0, 0, 0, 0, 9], 18.828175353964237), ([1, 4, 10, 2, 7, 3, 8, 5, 9, 6], 18.828175353964237)]
[([0, 0, 0, 0, 9], 21.24312381395456), ([1, 5, 8, 3, 7, 2, 10, 4, 9, 6], 21.24312381395456)]
[([0, 0, 0, 0, 9], 17.70667190101052), ([1, 3, 5, 8, 7, 2, 4, 10, 9, 6], 17.70667190101052)]
[([0, 0, 0, 0, 9], 21.24312381395456), ([1, 5, 8, 3, 7, 2, 10, 4, 9, 6], 21.24312381395456)]
[([6, 0, 6, 6, 0], 2.379456157519632), ([1, 3, 2, 7, 5, 8, 10, 4, 9, 6], 2.379456157519632)]
[([0, 0, 0, 0, 9], 20.90271867673104), ([1, 8, 5, 3, 7, 2, 10, 4, 9, 6], 20.90271867673104)]
[([0, 0, 0, 0, 9], 20.90271867673104), ([1, 8, 5, 3, 7, 2, 10, 4, 9, 6], 20.90271867673104)]
[([0, 0, 0, 0, 9], 13.69817115901568), ([1, 4, 7, 10, 2, 8, 5, 3, 9, 6], 13.69817115901568)]
[([0, 0, 0, 0, 9], 21.16693499368943), ([1, 3, 7, 2, 5, 8, 10, 4, 9, 6], 21.16693499368943)]
[([0, 0, 0, 0, 9], 16.738428529994547), ([1, 10, 4, 3, 7, 2, 8, 5, 9, 6], 16.738428529994547)]

