Fri Apr 29 19:24:11 2016
[([0, 4, 0, 0, 0], 40.1434741839499), ([1, 7, 2, 8, 6, 5, 3, 9, 4, 10], 40.1434741839499)]
[([0, 4, 0, 4, 0], 37.75259070079833), ([1, 7, 2, 8, 3, 6, 5, 9, 4, 10], 37.75259070079833)]
[([0, 4, 0, 4, 0], 41.29164935639476), ([1, 9, 10, 7, 2, 8, 5, 6, 3, 4], 41.29164935639476)]
[([0, 4, 0, 0, 4], 40.97162145193018), ([1, 10, 9, 3, 7, 2, 8, 5, 6, 4], 40.97162145193018)]
[([0, 4, 0, 4, 0], 39.0982367108312), ([1, 7, 2, 8, 6, 5, 9, 3, 4, 10], 39.0982367108312)]
[([0, 4, 0, 4, 4], 38.15367722517723), ([1, 9, 6, 5, 8, 2, 7, 3, 4, 10], 38.15367722517723)]
[([0, 4, 0, 4, 0], 38.786861829114635), ([1, 2, 7, 8, 5, 6, 3, 9, 10, 4], 38.786861829114635)]
[([0, 4, 0, 4, 4], 39.347444123041996), ([1, 7, 2, 8, 6, 5, 3, 4, 9, 10], 39.347444123041996)]
[([0, 4, 0, 0, 4], 41.29164935639476), ([1, 9, 10, 7, 2, 8, 5, 6, 3, 4], 41.29164935639476)]
[([0, 4, 0, 4, 4], 40.63142574624336), ([1, 10, 9, 3, 7, 2, 8, 6, 5, 4], 40.63142574624336)]
[([0, 0, 0, 3, 3], 31.548055842678096), ([1, 7, 2, 8, 6, 5, 4, 3, 9, 10], 31.548055842678096)]
[([0, 4, 0, 0, 0], 41.975305245701584), ([1, 10, 7, 2, 8, 5, 6, 3, 9, 4], 41.975305245701584)]
[([0, 0, 7, 0, 0], 39.50373952588313), ([1, 10, 4, 9, 3, 5, 6, 2, 8, 7], 39.50373952588313)]
[([0, 0, 0, 3, 0], 30.411957532829387), ([1, 9, 4, 7, 2, 8, 5, 6, 3, 10], 30.411957532829387)]
[([0, 0, 0, 3, 3], 29.013551891167555), ([1, 10, 4, 8, 2, 7, 5, 6, 3, 9], 29.013551891167555)]
[([0, 0, 7, 0, 7], 38.67730077270486), ([1, 9, 4, 3, 6, 5, 8, 2, 7, 10], 38.67730077270486)]
[([0, 4, 0, 0, 0], 40.50723287040249), ([1, 9, 3, 6, 5, 8, 2, 7, 4, 10], 40.50723287040249)]
[([0, 0, 7, 0, 7], 35.55135368893624), ([1, 8, 2, 10, 9, 3, 6, 5, 4, 7], 35.55135368893624)]
[([0, 0, 0, 3, 0], 28.28052894715044), ([1, 10, 4, 8, 2, 7, 6, 5, 3, 9], 28.28052894715044)]
[([0, 4, 0, 0, 0], 41.975305245701584), ([1, 10, 7, 2, 8, 5, 6, 3, 9, 4], 41.975305245701584)]
[([0, 4, 0, 4, 0], 39.70929592669709), ([1, 7, 2, 8, 5, 6, 9, 3, 4, 10], 39.70929592669709)]
[([0, 4, 0, 0, 0], 42.29973649239182), ([1, 10, 9, 7, 2, 8, 5, 6, 3, 4], 42.29973649239182)]
[([0, 0, 7, 0, 0], 37.31023418832791), ([1, 10, 9, 4, 8, 2, 5, 6, 3, 7], 37.31023418832791)]
[([0, 4, 0, 4, 0], 40.51399024038068), ([1, 7, 2, 8, 6, 5, 3, 9, 10, 4], 40.51399024038068)]
[([0, 4, 0, 4, 0], 40.97162145193018), ([1, 10, 9, 3, 7, 2, 8, 5, 6, 4], 40.97162145193018)]
[([0, 4, 0, 4, 0], 36.645623733964285), ([1, 3, 7, 2, 8, 5, 6, 4, 9, 10], 36.645623733964285)]
[([0, 4, 0, 4, 4], 36.7237217411032), ([1, 3, 9, 10, 2, 7, 8, 5, 6, 4], 36.7237217411032)]
[([0, 4, 0, 4, 0], 40.96541686170952), ([1, 7, 2, 8, 5, 6, 3, 9, 4, 10], 40.96541686170952)]
[([0, 4, 0, 4, 4], 39.78984164724044), ([1, 7, 2, 8, 5, 6, 9, 10, 3, 4], 39.78984164724044)]
[([0, 4, 0, 4, 4], 39.76508147575953), ([1, 3, 6, 5, 8, 2, 7, 10, 9, 4], 39.76508147575953)]

