Fri Apr 29 13:22:31 2016
[([0, 0, 0, 9, 0], 21.578972326205715), ([1, 3, 7, 10, 2, 4, 5, 6, 8, 9], 21.578972326205715)]
[([0, 0, 0, 9, 0], 26.148797759819285), ([1, 6, 10, 4, 7, 2, 5, 3, 8, 9], 26.148797759819285)]
[([0, 0, 0, 9, 0], 29.75521729190648), ([1, 6, 10, 2, 5, 7, 4, 3, 8, 9], 29.75521729190648)]
[([0, 0, 0, 9, 9], 27.252379966962582), ([1, 3, 6, 10, 2, 5, 7, 4, 8, 9], 27.252379966962582)]
[([0, 0, 0, 9, 0], 26.83263829689456), ([1, 3, 6, 10, 5, 2, 7, 4, 8, 9], 26.83263829689456)]
[([0, 0, 0, 9, 9], 27.168251925464105), ([1, 3, 7, 4, 5, 2, 10, 6, 8, 9], 27.168251925464105)]
[([0, 0, 0, 9, 0], 29.75521729190648), ([1, 6, 10, 2, 5, 7, 4, 3, 8, 9], 29.75521729190648)]
[([0, 0, 0, 9, 9], 27.252379966962582), ([1, 3, 6, 10, 2, 5, 7, 4, 8, 9], 27.252379966962582)]
[([0, 0, 0, 9, 9], 27.26693748885457), ([1, 10, 6, 5, 2, 7, 4, 3, 8, 9], 27.26693748885457)]
[([0, 0, 0, 9, 9], 27.26693748885457), ([1, 10, 6, 5, 2, 7, 4, 3, 8, 9], 27.26693748885457)]
[([0, 0, 0, 9, 9], 29.443702388620064), ([1, 6, 10, 2, 5, 4, 7, 3, 8, 9], 29.443702388620064)]
[([0, 0, 0, 9, 9], 22.537943325526797), ([1, 4, 5, 2, 6, 10, 3, 7, 8, 9], 22.537943325526797)]
[([0, 0, 0, 9, 9], 25.529554066362444), ([1, 3, 4, 7, 2, 5, 6, 10, 8, 9], 25.529554066362444)]
[([0, 0, 0, 9, 9], 25.529554066362444), ([1, 3, 4, 7, 2, 5, 6, 10, 8, 9], 25.529554066362444)]
[([0, 0, 0, 9, 0], 25.3243700398278), ([1, 6, 2, 5, 10, 7, 4, 3, 8, 9], 25.3243700398278)]
[([0, 0, 0, 9, 9], 26.570750582662747), ([1, 6, 10, 2, 5, 7, 3, 4, 8, 9], 26.570750582662747)]
[([0, 0, 0, 9, 0], 29.443702388620064), ([1, 6, 10, 2, 5, 4, 7, 3, 8, 9], 29.443702388620064)]
[([0, 0, 0, 9, 0], 27.031572462151257), ([1, 8, 3, 7, 4, 5, 2, 10, 6, 9], 27.031572462151257)]
[([0, 0, 0, 9, 0], 26.81924522540713), ([1, 4, 7, 5, 2, 10, 6, 3, 8, 9], 26.81924522540713)]
[([0, 0, 0, 3, 0], 21.7892254952168), ([1, 9, 8, 10, 6, 5, 2, 7, 4, 3], 21.7892254952168)]
[([0, 0, 0, 9, 0], 29.75521729190648), ([1, 6, 10, 2, 5, 7, 4, 3, 8, 9], 29.75521729190648)]
[([0, 0, 0, 9, 0], 26.148797759819285), ([1, 6, 10, 4, 7, 2, 5, 3, 8, 9], 26.148797759819285)]
[([0, 0, 0, 9, 0], 25.925678126943286), ([1, 8, 6, 10, 5, 2, 4, 7, 3, 9], 25.925678126943286)]
[([0, 0, 0, 9, 9], 24.329765495045706), ([1, 8, 3, 2, 5, 10, 6, 7, 4, 9], 24.329765495045706)]
[([0, 0, 0, 9, 0], 26.412640293162966), ([1, 4, 7, 2, 5, 10, 6, 3, 8, 9], 26.412640293162966)]
[([0, 0, 0, 9, 9], 27.26693748885457), ([1, 10, 6, 5, 2, 7, 4, 3, 8, 9], 27.26693748885457)]
[([0, 0, 0, 9, 0], 25.529554066362444), ([1, 3, 4, 7, 2, 5, 6, 10, 8, 9], 25.529554066362444)]
[([0, 0, 0, 9, 9], 29.75521729190648), ([1, 6, 10, 2, 5, 7, 4, 3, 8, 9], 29.75521729190648)]
[([0, 0, 0, 9, 0], 27.43326202832209), ([1, 3, 4, 7, 5, 2, 10, 6, 8, 9], 27.43326202832209)]
[([0, 0, 0, 9, 0], 26.299012548010218), ([1, 6, 10, 5, 7, 4, 2, 3, 8, 9], 26.299012548010218)]

