Fri Apr 29 20:21:43 2016
[([0, 0, 0, 0, 2], 20.06934396029157), ([1, 10, 5, 7, 8, 3, 4, 6, 9, 2], 20.06934396029157)]
[([0, 0, 0, 0, 2], 20.751310313387744), ([1, 10, 5, 4, 3, 7, 8, 9, 6, 2], 20.751310313387744)]
[([0, 0, 0, 0, 2], 19.069901951454263), ([1, 10, 5, 9, 6, 8, 7, 3, 4, 2], 19.069901951454263)]
[([0, 0, 0, 0, 2], 20.348503650554083), ([1, 10, 5, 7, 4, 3, 8, 6, 9, 2], 20.348503650554083)]
[([0, 0, 0, 0, 2], 21.30061490520728), ([1, 5, 10, 4, 3, 8, 7, 6, 9, 2], 21.30061490520728)]
[([0, 0, 0, 0, 2], 21.882733262576792), ([1, 10, 5, 4, 3, 8, 7, 6, 9, 2], 21.882733262576792)]
[([0, 0, 0, 0, 2], 23.24547485631207), ([1, 10, 5, 4, 3, 7, 8, 6, 9, 2], 23.24547485631207)]
[([0, 0, 0, 0, 2], 23.24547485631207), ([1, 10, 5, 4, 3, 7, 8, 6, 9, 2], 23.24547485631207)]
[([0, 0, 0, 0, 2], 23.24547485631207), ([1, 10, 5, 4, 3, 7, 8, 6, 9, 2], 23.24547485631207)]
[([0, 0, 0, 0, 2], 18.709074004515614), ([1, 5, 4, 3, 7, 8, 6, 9, 2, 10], 18.709074004515614)]
[([0, 0, 0, 0, 2], 22.589682813088842), ([1, 5, 10, 4, 3, 7, 8, 6, 9, 2], 22.589682813088842)]
[([0, 0, 0, 0, 2], 22.589682813088842), ([1, 5, 10, 4, 3, 7, 8, 6, 9, 2], 22.589682813088842)]
[([0, 0, 0, 0, 2], 18.113725443093863), ([1, 10, 5, 6, 7, 8, 4, 3, 9, 2], 18.113725443093863)]
[([0, 0, 0, 0, 2], 23.24547485631207), ([1, 10, 5, 4, 3, 7, 8, 6, 9, 2], 23.24547485631207)]
[([0, 0, 0, 0, 2], 19.125929038387937), ([1, 10, 5, 3, 8, 7, 4, 6, 9, 2], 19.125929038387937)]
[([0, 0, 0, 0, 2], 21.882733262576792), ([1, 10, 5, 4, 3, 8, 7, 6, 9, 2], 21.882733262576792)]
[([0, 0, 0, 0, 2], 23.24547485631207), ([1, 10, 5, 4, 3, 7, 8, 6, 9, 2], 23.24547485631207)]
[([0, 0, 0, 0, 2], 20.548906005292935), ([1, 10, 5, 3, 4, 8, 7, 6, 9, 2], 20.548906005292935)]
[([0, 0, 0, 0, 2], 17.76620149990212), ([1, 5, 10, 6, 9, 8, 7, 3, 4, 2], 17.76620149990212)]
[([0, 0, 0, 0, 4], 18.609577716057437), ([1, 2, 9, 6, 7, 8, 3, 4, 5, 10], 18.609577716057437)]
[([0, 0, 0, 0, 4], 17.688304548637735), ([1, 2, 6, 9, 8, 7, 3, 4, 5, 10], 17.688304548637735)]
[([0, 0, 0, 0, 2], 23.24547485631207), ([1, 10, 5, 4, 3, 7, 8, 6, 9, 2], 23.24547485631207)]
[([0, 0, 0, 0, 2], 18.708199517907307), ([1, 10, 5, 9, 8, 7, 3, 4, 6, 2], 18.708199517907307)]
[([0, 0, 0, 0, 2], 23.24547485631207), ([1, 10, 5, 4, 3, 7, 8, 6, 9, 2], 23.24547485631207)]
[([0, 0, 0, 0, 2], 17.94446130799547), ([1, 10, 5, 8, 7, 4, 3, 9, 6, 2], 17.94446130799547)]
[([0, 0, 0, 0, 2], 19.943303154677835), ([1, 10, 5, 8, 7, 4, 3, 6, 9, 2], 19.943303154677835)]
[([0, 0, 0, 0, 2], 19.528701776813932), ([1, 10, 5, 4, 3, 8, 7, 9, 6, 2], 19.528701776813932)]
[([0, 0, 0, 0, 2], 18.833769045507097), ([1, 10, 5, 6, 8, 4, 3, 7, 9, 2], 18.833769045507097)]
[([0, 0, 0, 0, 2], 18.010490296472817), ([1, 10, 5, 9, 6, 8, 3, 4, 7, 2], 18.010490296472817)]
[([0, 0, 0, 0, 2], 18.64123515626969), ([1, 5, 10, 3, 7, 8, 4, 6, 9, 2], 18.64123515626969)]

