Thu Apr 28 21:47:35 2016
[([0, 0, 0, 0, 0, 0, 2, 0, 0, 0, 0, 0, 2, 2, 0, 0, 0, 0, 0, 0], 0.7081373235019678), ([1, 19, 16, 18, 13, 5, 14, 8, 17, 10, 7, 6, 9, 3, 15, 20, 11, 4, 12, 2], 0.7081373235019678)]
[([0, 0, 0, 0, 0, 0, 0, 0, 0, 0, 0, 0, 0, 2, 0, 0, 0, 0, 0, 0], 0.8014450486752221), ([1, 17, 9, 8, 18, 6, 12, 16, 7, 4, 19, 11, 13, 20, 5, 15, 3, 10, 14, 2], 0.8014450486752221)]
[([0, 0, 2, 0, 2, 2, 2, 0, 0, 0, 0, 0, 0, 0, 0, 0, 0, 0, 0, 0], 0.7362818731619386), ([1, 5, 13, 8, 16, 19, 3, 11, 15, 10, 20, 17, 6, 9, 14, 18, 7, 12, 4, 2], 0.7362818731619386)]
[([0, 0, 0, 0, 0, 0, 2, 0, 0, 0, 0, 0, 0, 0, 0, 0, 0, 0, 0, 0], 0.935714891171669), ([1, 4, 20, 11, 8, 5, 17, 7, 12, 9, 6, 14, 18, 10, 16, 19, 13, 15, 3, 2], 0.935714891171669)]
[([12, 0, 0, 0, 12, 12, 12, 0, 12, 0, 0, 0, 12, 0, 0, 0, 0, 0, 12, 0], 0.3274569738801665), ([1, 18, 13, 8, 15, 11, 5, 20, 9, 7, 3, 19, 16, 14, 10, 17, 6, 4, 12, 2], 0.3274569738801665)]
[([0, 0, 2, 0, 2, 0, 2, 0, 0, 0, 0, 0, 0, 2, 0, 0, 0, 0, 0, 0], 0.7269969845786624), ([1, 16, 10, 18, 6, 13, 11, 19, 8, 15, 14, 3, 5, 20, 7, 9, 4, 17, 12, 2], 0.7269969845786624)]
[([4, 4, 0, 0, 4, 4, 0, 4, 0, 17, 17, 0, 0, 0, 4, 0, 0, 0, 4, 0], 0.3271152849027914), ([1, 8, 13, 2, 10, 14, 16, 18, 19, 11, 5, 15, 7, 9, 3, 20, 6, 12, 4, 17], 0.3271152849027914)]
[([0, 0, 0, 2, 2, 0, 2, 0, 0, 0, 0, 0, 0, 2, 0, 0, 0, 0, 0, 0], 0.8232557988080103), ([1, 14, 18, 13, 8, 15, 9, 10, 16, 3, 6, 17, 12, 4, 7, 5, 11, 19, 20, 2], 0.8232557988080103)]
[([4, 4, 0, 0, 4, 4, 2, 0, 0, 0, 0, 0, 2, 2, 0, 4, 0, 0, 0, 0], 0.31418117390411815), ([1, 17, 5, 13, 9, 3, 20, 11, 8, 7, 15, 19, 16, 18, 14, 10, 6, 4, 12, 2], 0.31418117390411815)]
[([0, 0, 0, 0, 0, 0, 0, 0, 0, 0, 0, 0, 0, 0, 0, 0, 0, 0, 12, 0], 12.90005617004904), ([1, 2, 19, 8, 13, 14, 16, 10, 18, 20, 17, 6, 4, 3, 7, 11, 5, 15, 9, 12], 12.90005617004904)]
[([15, 15, 0, 2, 2, 2, 0, 15, 15, 0, 15, 0, 15, 15, 15, 0, 0, 0, 0, 0], 0.311704760238694), ([1, 6, 16, 14, 17, 4, 9, 12, 11, 8, 13, 18, 10, 3, 5, 20, 19, 7, 15, 2], 0.311704760238694)]
[([12, 0, 0, 0, 12, 12, 12, 0, 12, 17, 17, 17, 17, 12, 0, 0, 0, 0, 12, 12], 0.37307737145879016), ([1, 16, 18, 13, 8, 11, 2, 14, 10, 19, 5, 20, 7, 3, 15, 9, 6, 4, 12, 17], 0.37307737145879016)]
[([0, 0, 0, 2, 2, 0, 2, 0, 0, 0, 0, 0, 0, 0, 0, 0, 0, 0, 0, 0], 0.7380953654660537), ([1, 15, 16, 8, 5, 20, 13, 12, 6, 10, 9, 4, 17, 7, 11, 3, 14, 18, 19, 2], 0.7380953654660537)]
[([4, 4, 4, 4, 0, 0, 2, 0, 0, 0, 0, 0, 0, 4, 0, 4, 0, 0, 0, 0], 0.2793693215830361), ([1, 17, 6, 16, 8, 11, 13, 12, 5, 19, 3, 15, 20, 7, 10, 18, 14, 9, 4, 2], 0.2793693215830361)]
[([0, 0, 0, 0, 0, 2, 2, 0, 0, 0, 0, 0, 2, 0, 0, 0, 0, 0, 0, 0], 0.6731961474906504), ([1, 8, 6, 13, 10, 17, 4, 15, 7, 19, 18, 14, 5, 11, 20, 12, 9, 16, 3, 2], 0.6731961474906504)]
[([0, 0, 0, 0, 0, 0, 2, 0, 0, 0, 0, 0, 2, 2, 0, 0, 0, 0, 0, 0], 0.837502348553564), ([1, 7, 8, 12, 9, 6, 17, 13, 19, 18, 16, 14, 10, 11, 15, 4, 3, 20, 5, 2], 0.837502348553564)]
[([0, 0, 2, 0, 2, 0, 2, 0, 0, 0, 0, 0, 2, 2, 0, 0, 0, 0, 0, 0], 0.7995043778048927), ([1, 6, 18, 14, 13, 8, 10, 11, 15, 3, 20, 5, 7, 19, 16, 12, 9, 4, 17, 2], 0.7995043778048927)]
[([0, 0, 0, 0, 0, 0, 0, 0, 0, 0, 0, 0, 0, 2, 0, 0, 0, 0, 0, 0], 0.8967059583731117), ([1, 16, 18, 14, 5, 11, 8, 10, 6, 17, 19, 13, 4, 12, 9, 20, 7, 3, 15, 2], 0.8967059583731117)]
[([0, 0, 0, 0, 0, 0, 0, 0, 0, 0, 0, 0, 0, 2, 0, 0, 0, 0, 0, 0], 0.8556795796155261), ([1, 14, 3, 8, 13, 19, 16, 20, 4, 17, 6, 5, 11, 7, 9, 10, 18, 15, 12, 2], 0.8556795796155261)]
[([0, 0, 0, 0, 0, 0, 0, 0, 0, 0, 0, 0, 0, 0, 15, 0, 0, 0, 0, 0], 18.814696188113537), ([1, 18, 19, 13, 8, 3, 6, 16, 10, 14, 5, 11, 20, 7, 4, 17, 12, 9, 15, 2], 18.814696188113537)]
[([0, 0, 0, 0, 0, 0, 2, 0, 0, 0, 0, 0, 0, 0, 0, 0, 0, 0, 0, 0], 0.8816329452062704), ([1, 10, 16, 3, 11, 8, 20, 15, 17, 6, 4, 5, 7, 19, 13, 14, 18, 9, 12, 2], 0.8816329452062704)]
[([15, 15, 0, 0, 15, 15, 0, 0, 0, 15, 15, 0, 15, 0, 15, 0, 0, 15, 0, 0], 0.36335854782868104), ([1, 7, 4, 9, 3, 10, 14, 19, 5, 11, 8, 13, 20, 16, 18, 6, 17, 12, 15, 2], 0.36335854782868104)]
[([0, 0, 0, 0, 0, 0, 0, 0, 0, 0, 0, 0, 0, 0, 0, 0, 0, 17, 0, 0], 15.15165805678841), ([1, 7, 4, 16, 19, 14, 3, 8, 13, 11, 20, 5, 18, 10, 15, 9, 6, 12, 17, 2], 15.15165805678841)]
[([0, 0, 0, 0, 0, 0, 0, 0, 0, 0, 0, 0, 0, 2, 0, 0, 0, 0, 0, 0], 0.8003683199936168), ([1, 3, 17, 4, 9, 10, 13, 16, 6, 20, 7, 18, 14, 5, 8, 11, 15, 19, 12, 2], 0.8003683199936168)]
[([0, 0, 0, 2, 2, 0, 0, 0, 0, 0, 0, 0, 0, 2, 0, 0, 0, 0, 0, 0], 0.7329115491448422), ([1, 6, 4, 16, 5, 11, 13, 8, 18, 17, 19, 14, 9, 12, 10, 3, 15, 7, 20, 2], 0.7329115491448422)]
[([0, 0, 0, 0, 0, 0, 0, 0, 0, 0, 0, 0, 0, 2, 0, 0, 0, 0, 0, 0], 0.9313596919076927), ([1, 4, 6, 19, 20, 13, 8, 5, 11, 12, 9, 3, 10, 16, 17, 18, 14, 15, 7, 2], 0.9313596919076927)]
[([0, 0, 0, 0, 0, 0, 17, 17, 0, 0, 17, 17, 0, 17, 0, 0, 0, 17, 0, 0], 0.9923842773822806), ([1, 2, 15, 20, 5, 11, 8, 10, 18, 19, 13, 7, 3, 14, 16, 9, 12, 4, 6, 17], 0.9923842773822806)]
[([0, 0, 0, 0, 0, 0, 0, 0, 0, 0, 0, 0, 0, 0, 9, 0, 0, 0, 0, 0], 18.757957812193226), ([1, 6, 8, 5, 13, 11, 2, 15, 16, 18, 10, 14, 19, 20, 3, 4, 7, 9, 12, 17], 18.757957812193226)]
[([0, 0, 0, 0, 0, 0, 0, 0, 0, 0, 0, 0, 0, 2, 0, 0, 0, 0, 0, 0], 1.0106284461230606), ([1, 12, 9, 10, 18, 14, 13, 8, 19, 15, 7, 3, 20, 5, 11, 16, 17, 4, 6, 2], 1.0106284461230606)]
[([0, 0, 2, 0, 2, 2, 2, 0, 0, 0, 0, 0, 2, 2, 0, 0, 0, 0, 0, 0], 0.7190642487939669), ([1, 9, 17, 10, 16, 13, 18, 14, 19, 7, 8, 3, 4, 20, 5, 15, 12, 6, 11, 2], 0.7190642487939669)]

