Fri Apr 29 04:07:46 2016
[([0, 0, 0, 0, 11, 0, 0, 11, 11, 0, 0, 11, 11, 0, 0, 0, 0, 11, 0, 0, 0, 11, 11, 11, 11], 2.0498789809946487), ([1, 12, 8, 6, 17, 7, 13, 18, 5, 15, 4, 20, 10, 19, 2, 16, 14, 3, 9, 11], 2.0498789809946487)]
[([0, 0, 10, 0, 0, 0, 0, 0, 10, 10, 10, 0, 10, 0, 0, 0, 0, 0, 10, 10, 0, 10, 0, 10, 10], 2.1139463903182594), ([1, 20, 2, 12, 17, 15, 9, 5, 13, 16, 18, 8, 7, 14, 3, 6, 4, 19, 11, 10], 2.1139463903182594)]
[([0, 0, 10, 0, 0, 0, 0, 0, 10, 10, 0, 0, 0, 10, 0, 0, 0, 0, 10, 10, 10, 0, 10, 0, 0], 2.13490789974041), ([1, 17, 6, 8, 7, 16, 3, 9, 19, 14, 13, 12, 11, 4, 2, 5, 18, 15, 20, 10], 2.13490789974041)]
[([0, 0, 10, 0, 0, 0, 0, 0, 0, 10, 10, 0, 10, 0, 0, 0, 0, 0, 0, 0, 0, 0, 10, 0, 10], 2.1365507684589478), ([1, 3, 19, 13, 14, 18, 7, 8, 12, 20, 5, 4, 9, 2, 16, 17, 6, 15, 11, 10], 2.1365507684589478)]
[([0, 0, 0, 0, 11, 0, 0, 11, 11, 0, 0, 11, 0, 0, 0, 0, 0, 0, 0, 0, 0, 11, 11, 0, 11], 2.259393507104992), ([1, 14, 3, 7, 8, 18, 13, 15, 5, 4, 9, 2, 19, 6, 17, 16, 12, 20, 10, 11], 2.259393507104992)]
[([0, 0, 0, 0, 11, 0, 11, 11, 0, 0, 0, 0, 0, 0, 0, 0, 0, 0, 0, 0, 0, 0, 0, 11, 0], 1.920679630306494), ([1, 9, 17, 13, 19, 12, 6, 2, 3, 16, 8, 7, 15, 18, 5, 14, 4, 20, 10, 11], 1.920679630306494)]
[([0, 0, 0, 0, 11, 0, 0, 11, 11, 11, 0, 0, 0, 0, 0, 0, 0, 11, 0, 0, 0, 0, 11, 11, 0], 1.8052478822659357), ([1, 6, 20, 10, 17, 12, 19, 8, 15, 7, 13, 2, 18, 14, 16, 3, 5, 4, 9, 11], 1.8052478822659357)]
[([0, 0, 0, 0, 11, 0, 11, 11, 11, 11, 0, 0, 0, 0, 0, 0, 0, 11, 0, 0, 0, 0, 11, 11, 11], 2.1872733460076272), ([1, 20, 10, 19, 7, 2, 4, 18, 15, 13, 14, 3, 17, 6, 16, 8, 5, 9, 12, 11], 2.1872733460076272)]
[([0, 0, 10, 0, 0, 0, 0, 0, 10, 10, 10, 0, 0, 10, 0, 0, 0, 0, 0, 0, 0, 10, 0, 10, 0], 1.966925693703738), ([1, 19, 5, 20, 8, 7, 12, 13, 6, 17, 3, 11, 2, 4, 15, 14, 16, 18, 9, 10], 1.966925693703738)]
[([0, 0, 10, 0, 0, 0, 0, 0, 10, 0, 10, 0, 10, 0, 0, 0, 0, 0, 10, 10, 0, 10, 10, 10, 0], 2.3500088112639403), ([1, 3, 5, 7, 13, 18, 14, 17, 16, 6, 8, 15, 2, 4, 19, 9, 20, 12, 11, 10], 2.3500088112639403)]
[([0, 0, 0, 0, 0, 0, 0, 0, 0, 0, 10, 10, 10, 0, 0, 0, 0, 10, 0, 10, 10, 0, 0, 0, 0], 2.054349867558138), ([1, 7, 5, 13, 12, 17, 6, 8, 18, 15, 19, 16, 4, 11, 3, 14, 2, 9, 20, 10], 2.054349867558138)]
[([0, 0, 0, 0, 11, 0, 0, 11, 11, 0, 0, 11, 0, 0, 0, 0, 0, 0, 0, 0, 0, 11, 0, 11, 0], 1.9421808218783012), ([1, 10, 9, 4, 17, 13, 15, 16, 2, 6, 14, 8, 7, 3, 12, 20, 19, 18, 5, 11], 1.9421808218783012)]
[([0, 0, 10, 0, 0, 0, 0, 0, 10, 10, 10, 0, 0, 0, 0, 0, 0, 10, 10, 0, 0, 0, 10, 10, 0], 2.428327099824176), ([1, 20, 12, 15, 5, 9, 19, 7, 8, 2, 4, 13, 3, 18, 6, 17, 14, 16, 11, 10], 2.428327099824176)]
[([0, 0, 10, 0, 0, 0, 0, 0, 10, 10, 10, 0, 0, 10, 0, 0, 0, 0, 0, 10, 0, 0, 0, 0, 0], 2.3478436152772404), ([1, 19, 17, 6, 13, 2, 7, 8, 18, 11, 20, 12, 3, 16, 14, 15, 5, 4, 9, 10], 2.3478436152772404)]
[([0, 0, 0, 0, 0, 0, 0, 0, 0, 0, 0, 0, 0, 10, 0, 0, 0, 10, 10, 10, 10, 10, 0, 0, 0], 1.960648177657313), ([1, 7, 6, 18, 17, 12, 15, 8, 13, 5, 2, 14, 19, 11, 4, 16, 3, 9, 20, 10], 1.960648177657313)]
[([0, 0, 0, 0, 0, 0, 0, 0, 0, 0, 0, 0, 0, 10, 0, 0, 0, 10, 10, 10, 0, 0, 0, 10, 10], 2.1416586482385958), ([1, 17, 7, 5, 13, 19, 2, 12, 6, 16, 3, 14, 8, 15, 18, 4, 9, 11, 20, 10], 2.1416586482385958)]
[([0, 0, 0, 0, 11, 0, 11, 0, 0, 11, 0, 11, 0, 0, 0, 0, 0, 11, 0, 0, 0, 0, 0, 11, 11], 2.167864482010482), ([1, 10, 19, 4, 2, 8, 18, 7, 6, 13, 9, 5, 3, 15, 16, 14, 17, 12, 20, 11], 2.167864482010482)]
[([0, 0, 10, 0, 0, 0, 0, 0, 0, 10, 0, 0, 10, 0, 0, 0, 0, 0, 10, 10, 0, 0, 10, 0, 0], 1.9624022605258933), ([1, 12, 20, 9, 17, 4, 5, 11, 14, 16, 3, 19, 8, 7, 15, 6, 18, 13, 2, 10], 1.9624022605258933)]
[([0, 0, 10, 0, 0, 0, 0, 0, 0, 0, 0, 10, 0, 10, 0, 0, 0, 0, 0, 0, 10, 0, 0, 0, 0], 2.2846369880995665), ([1, 12, 20, 17, 18, 5, 3, 16, 6, 8, 7, 15, 13, 14, 2, 19, 4, 9, 11, 10], 2.2846369880995665)]
[([0, 0, 11, 0, 0, 0, 0, 0, 0, 11, 0, 11, 11, 0, 0, 0, 0, 11, 0, 0, 0, 0, 0, 11, 11], 1.9063895870031957), ([1, 7, 14, 8, 3, 5, 17, 6, 12, 10, 20, 9, 2, 15, 18, 13, 4, 19, 16, 11], 1.9063895870031957)]
[([0, 0, 0, 0, 11, 0, 0, 11, 11, 11, 0, 11, 0, 0, 0, 0, 0, 11, 0, 0, 0, 0, 11, 11, 11], 2.061492792877167), ([1, 16, 17, 6, 18, 14, 4, 12, 20, 3, 9, 10, 13, 15, 7, 8, 5, 2, 19, 11], 2.061492792877167)]
[([0, 0, 0, 0, 0, 0, 0, 0, 0, 0, 10, 10, 10, 0, 0, 0, 0, 10, 10, 0, 0, 10, 10, 0, 0], 2.044883181454545), ([1, 7, 17, 12, 11, 4, 16, 14, 13, 6, 18, 8, 15, 5, 3, 19, 9, 2, 20, 10], 2.044883181454545)]
[([0, 0, 0, 0, 11, 0, 11, 11, 0, 11, 0, 11, 0, 0, 0, 0, 0, 11, 0, 0, 0, 11, 11, 0, 11], 2.3618311540112753), ([1, 2, 12, 20, 10, 9, 19, 4, 15, 3, 5, 8, 7, 16, 17, 6, 14, 18, 13, 11], 2.3618311540112753)]
[([0, 0, 0, 0, 11, 0, 11, 0, 11, 0, 0, 11, 11, 0, 0, 0, 0, 11, 0, 0, 0, 11, 0, 11, 11], 2.2877037510707434), ([1, 13, 12, 19, 16, 14, 6, 17, 3, 7, 8, 18, 5, 15, 4, 2, 9, 10, 20, 11], 2.2877037510707434)]
[([0, 0, 11, 0, 0, 0, 0, 11, 0, 0, 0, 0, 11, 0, 0, 0, 0, 11, 0, 0, 0, 0, 0, 11, 0], 1.9875145716733738), ([1, 7, 9, 19, 12, 8, 3, 14, 6, 17, 16, 15, 18, 4, 13, 2, 5, 20, 10, 11], 1.9875145716733738)]
[([0, 0, 0, 0, 11, 0, 11, 11, 11, 0, 0, 0, 0, 0, 0, 0, 0, 0, 0, 0, 0, 11, 11, 11, 0], 1.9491484285174405), ([1, 19, 13, 8, 10, 14, 9, 5, 15, 16, 18, 7, 4, 2, 3, 6, 17, 12, 20, 11], 1.9491484285174405)]
[([0, 0, 0, 0, 11, 0, 11, 0, 11, 0, 0, 11, 0, 0, 0, 0, 0, 11, 0, 0, 0, 11, 0, 0, 0], 1.9726705846887362), ([1, 19, 8, 17, 6, 20, 12, 3, 7, 16, 14, 15, 13, 18, 5, 2, 10, 4, 9, 11], 1.9726705846887362)]
[([0, 0, 0, 0, 11, 0, 11, 0, 11, 11, 0, 11, 0, 0, 0, 0, 0, 11, 0, 0, 0, 0, 11, 11, 0], 1.9606516274824801), ([1, 10, 5, 8, 18, 7, 12, 13, 4, 16, 15, 6, 17, 14, 3, 9, 20, 19, 2, 11], 1.9606516274824801)]
[([0, 0, 0, 0, 11, 0, 11, 0, 11, 11, 0, 11, 11, 0, 0, 0, 0, 0, 0, 0, 0, 0, 11, 11, 0], 2.4860210297268344), ([1, 10, 19, 13, 3, 20, 12, 17, 6, 16, 14, 15, 4, 2, 5, 18, 7, 8, 9, 11], 2.4860210297268344)]
[([0, 0, 0, 0, 0, 0, 0, 0, 0, 0, 10, 0, 0, 0, 0, 0, 0, 0, 0, 0, 0, 0, 0, 0, 0], 2.142469261452488), ([1, 20, 3, 12, 17, 6, 7, 11, 9, 5, 8, 15, 18, 16, 14, 19, 4, 13, 2, 10], 2.142469261452488)]

