Fri Apr 29 03:22:04 2016
[([11, 11, 0, 0, 11, 11, 0, 0, 0, 0, 0, 11, 0, 0, 0, 11, 11, 11, 0, 0, 0, 0, 0, 0, 0], 1.3679018831026317), ([1, 16, 3, 5, 17, 15, 13, 4, 12, 10, 19, 7, 20, 9, 6, 18, 2, 8, 14, 11], 1.3679018831026317)]
[([0, 0, 0, 0, 0, 11, 0, 0, 11, 0, 0, 11, 0, 11, 0, 0, 0, 0, 0, 11, 0, 11, 0, 0, 11], 1.2800620115620787), ([1, 10, 17, 13, 4, 12, 16, 2, 5, 19, 20, 8, 3, 9, 7, 18, 6, 15, 14, 11], 1.2800620115620787)]
[([0, 0, 0, 0, 0, 11, 0, 0, 0, 0, 0, 11, 0, 11, 0, 11, 11, 0, 0, 0, 0, 0, 0, 0, 11], 1.3370126958941981), ([1, 16, 13, 8, 17, 10, 20, 9, 6, 18, 5, 3, 19, 7, 2, 14, 4, 15, 12, 11], 1.3370126958941981)]
[([11, 0, 0, 11, 11, 11, 0, 0, 11, 0, 0, 11, 0, 11, 0, 0, 0, 0, 0, 0, 0, 11, 0, 0, 0], 1.3822968339467234), ([1, 19, 5, 6, 7, 3, 2, 16, 9, 10, 17, 13, 15, 4, 20, 18, 8, 14, 12, 11], 1.3822968339467234)]
[([11, 11, 0, 11, 11, 0, 0, 0, 11, 0, 0, 11, 0, 0, 0, 11, 0, 0, 0, 0, 0, 11, 0, 0, 11], 1.2881881499993626), ([1, 16, 6, 8, 9, 19, 7, 14, 15, 13, 4, 20, 2, 5, 10, 17, 18, 3, 12, 11], 1.2881881499993626)]
[([11, 0, 0, 11, 0, 0, 0, 0, 0, 0, 0, 11, 0, 11, 0, 11, 0, 0, 0, 11, 0, 0, 0, 0, 0], 1.0867512535901658), ([1, 2, 8, 10, 4, 13, 5, 15, 3, 18, 17, 12, 20, 16, 9, 7, 19, 6, 14, 11], 1.0867512535901658)]
[([11, 11, 0, 11, 11, 11, 0, 0, 0, 0, 0, 11, 0, 11, 0, 0, 0, 11, 0, 0, 0, 11, 0, 0, 11], 1.1493505087847122), ([1, 19, 6, 17, 4, 10, 5, 3, 7, 12, 13, 15, 2, 9, 16, 8, 18, 20, 14, 11], 1.1493505087847122)]
[([11, 11, 0, 11, 0, 0, 0, 0, 11, 0, 0, 0, 0, 0, 0, 11, 0, 11, 0, 0, 0, 11, 0, 0, 11], 1.409195399650313), ([1, 13, 17, 4, 15, 12, 14, 10, 6, 16, 9, 7, 19, 5, 3, 2, 18, 20, 8, 11], 1.409195399650313)]
[([11, 11, 0, 11, 0, 11, 0, 0, 11, 0, 0, 11, 0, 11, 0, 11, 0, 11, 0, 0, 0, 0, 0, 0, 0], 1.2663133698086533), ([1, 3, 16, 6, 15, 10, 5, 18, 20, 14, 8, 12, 2, 9, 7, 19, 17, 13, 4, 11], 1.2663133698086533)]
[([11, 0, 0, 11, 11, 11, 0, 0, 0, 0, 0, 11, 0, 11, 0, 0, 11, 0, 0, 11, 0, 0, 0, 0, 11], 1.4591368387620998), ([1, 4, 12, 13, 10, 5, 18, 20, 3, 2, 7, 19, 9, 16, 6, 17, 15, 8, 14, 11], 1.4591368387620998)]
[([11, 11, 0, 11, 0, 0, 0, 0, 11, 0, 0, 11, 0, 11, 0, 0, 0, 11, 0, 11, 0, 11, 0, 0, 0], 1.1867453576258), ([1, 3, 17, 15, 16, 7, 19, 5, 18, 9, 4, 13, 10, 6, 20, 2, 14, 12, 8, 11], 1.1867453576258)]
[([11, 11, 0, 11, 0, 11, 0, 0, 0, 0, 0, 11, 0, 0, 0, 0, 11, 11, 0, 0, 0, 0, 0, 0, 0], 1.2852269375690633), ([1, 7, 19, 5, 13, 20, 16, 9, 18, 3, 10, 17, 15, 4, 2, 6, 14, 12, 8, 11], 1.2852269375690633)]
[([11, 11, 0, 0, 11, 0, 0, 0, 0, 0, 0, 11, 0, 11, 0, 11, 0, 11, 0, 11, 0, 11, 0, 0, 11], 1.3291458304323747), ([1, 3, 9, 7, 19, 8, 6, 18, 14, 2, 16, 20, 5, 10, 17, 4, 13, 15, 12, 11], 1.3291458304323747)]
[([11, 0, 0, 11, 11, 0, 0, 0, 0, 0, 0, 0, 0, 0, 0, 0, 0, 11, 0, 11, 0, 11, 0, 0, 11], 1.3082287792055896), ([1, 16, 4, 8, 3, 20, 12, 14, 9, 19, 2, 6, 18, 7, 5, 17, 10, 13, 15, 11], 1.3082287792055896)]
[([11, 11, 0, 11, 11, 0, 0, 0, 11, 0, 0, 0, 0, 11, 0, 0, 11, 11, 0, 11, 0, 11, 0, 0, 0], 1.1303499760196376), ([1, 13, 5, 9, 7, 15, 17, 10, 3, 14, 6, 20, 2, 18, 19, 16, 8, 12, 4, 11], 1.1303499760196376)]
[([11, 11, 0, 11, 11, 0, 0, 0, 11, 0, 0, 11, 0, 11, 0, 0, 11, 0, 0, 0, 0, 11, 0, 0, 11], 1.0427479880163149), ([1, 3, 18, 13, 16, 17, 2, 4, 7, 9, 6, 19, 20, 5, 10, 14, 12, 15, 8, 11], 1.0427479880163149)]
[([11, 11, 0, 11, 11, 0, 0, 0, 11, 0, 0, 11, 0, 0, 0, 0, 0, 0, 0, 0, 0, 11, 0, 0, 11], 1.4772469209992354), ([1, 19, 5, 17, 10, 20, 13, 15, 4, 12, 6, 2, 18, 9, 7, 3, 16, 14, 8, 11], 1.4772469209992354)]
[([0, 0, 0, 0, 0, 0, 0, 0, 0, 0, 0, 0, 0, 0, 0, 11, 0, 11, 0, 11, 0, 0, 0, 0, 0], 22.0851586512673), ([1, 9, 19, 5, 4, 14, 13, 15, 16, 3, 7, 18, 6, 2, 20, 10, 17, 12, 8, 11], 22.0851586512673)]
[([11, 11, 0, 11, 11, 11, 0, 0, 0, 0, 0, 0, 0, 0, 0, 11, 0, 0, 0, 0, 0, 11, 0, 0, 0], 1.299140447054603), ([1, 8, 12, 15, 5, 7, 3, 16, 9, 13, 4, 14, 18, 2, 6, 19, 20, 17, 10, 11], 1.299140447054603)]
[([11, 0, 0, 11, 11, 11, 0, 0, 0, 0, 0, 11, 0, 11, 0, 11, 0, 11, 0, 11, 0, 11, 0, 0, 0], 1.2322565669258247), ([1, 17, 20, 8, 5, 19, 3, 6, 18, 16, 9, 7, 2, 15, 13, 10, 4, 12, 14, 11], 1.2322565669258247)]
[([11, 11, 0, 0, 11, 11, 0, 0, 11, 0, 0, 0, 0, 11, 0, 0, 11, 0, 0, 11, 0, 0, 0, 0, 11], 1.3324922499027858), ([1, 13, 12, 8, 16, 9, 18, 5, 4, 6, 2, 20, 3, 7, 19, 17, 10, 15, 14, 11], 1.3324922499027858)]
[([11, 0, 0, 11, 0, 0, 0, 0, 11, 0, 0, 11, 0, 11, 0, 11, 0, 11, 0, 11, 0, 0, 0, 0, 0], 1.1534666668822757), ([1, 19, 10, 4, 15, 7, 5, 13, 14, 12, 16, 9, 20, 18, 3, 2, 6, 17, 8, 11], 1.1534666668822757)]
[([11, 11, 0, 0, 0, 0, 0, 0, 11, 0, 0, 0, 0, 0, 0, 0, 11, 0, 0, 0, 0, 11, 0, 0, 11], 1.0184780995833196), ([1, 4, 3, 5, 16, 10, 8, 17, 12, 2, 6, 15, 13, 7, 19, 9, 20, 18, 14, 11], 1.0184780995833196)]
[([11, 11, 0, 11, 11, 0, 0, 0, 0, 0, 0, 0, 0, 11, 0, 0, 11, 11, 0, 11, 0, 0, 0, 0, 0], 1.274566609036233), ([1, 20, 16, 18, 5, 10, 17, 6, 7, 19, 12, 14, 15, 4, 13, 2, 9, 3, 8, 11], 1.274566609036233)]
[([11, 11, 0, 11, 0, 11, 0, 0, 0, 0, 0, 11, 0, 0, 0, 0, 11, 0, 0, 0, 0, 0, 0, 0, 0], 1.2188251143039537), ([1, 19, 17, 10, 7, 6, 2, 13, 8, 18, 5, 3, 9, 16, 20, 4, 15, 12, 14, 11], 1.2188251143039537)]
[([0, 0, 0, 0, 0, 11, 0, 0, 11, 0, 0, 11, 0, 11, 0, 0, 0, 0, 0, 11, 0, 11, 0, 0, 0], 1.3781382442184396), ([1, 16, 18, 17, 10, 8, 14, 2, 20, 12, 13, 4, 15, 5, 7, 9, 19, 3, 6, 11], 1.3781382442184396)]
[([11, 11, 0, 11, 11, 0, 0, 0, 11, 0, 0, 11, 0, 0, 0, 0, 0, 11, 0, 11, 0, 0, 0, 0, 11], 1.2026641944463288), ([1, 15, 4, 20, 8, 7, 3, 18, 6, 14, 2, 5, 17, 10, 13, 12, 19, 9, 16, 11], 1.2026641944463288)]
[([0, 0, 0, 0, 11, 0, 0, 0, 11, 0, 0, 0, 0, 11, 0, 0, 0, 0, 0, 0, 0, 0, 0, 0, 11], 1.3670389684358977), ([1, 16, 19, 18, 20, 3, 2, 10, 13, 15, 12, 4, 17, 6, 5, 7, 9, 8, 14, 11], 1.3670389684358977)]
[([11, 11, 0, 11, 11, 0, 0, 0, 0, 0, 0, 0, 0, 11, 0, 11, 0, 0, 0, 0, 0, 0, 0, 0, 0], 0.9451749774556742), ([1, 10, 7, 4, 5, 13, 8, 20, 17, 16, 18, 15, 12, 14, 6, 9, 19, 3, 2, 11], 0.9451749774556742)]
[([11, 0, 0, 11, 11, 0, 0, 0, 11, 0, 0, 11, 0, 11, 0, 0, 0, 11, 0, 11, 0, 0, 0, 0, 11], 1.118469742830793), ([1, 10, 16, 17, 19, 9, 7, 13, 12, 15, 4, 14, 8, 18, 20, 3, 5, 2, 6, 11], 1.118469742830793)]

