Fri Apr 29 00:16:10 2016
[([14, 14, 14, 0, 14, 0, 0, 0, 0, 0, 0, 0, 0, 0, 14, 14, 14, 0, 0, 14, 0, 14, 14, 14, 0], 2.8430759748473085), ([1, 2, 3, 17, 8, 9, 18, 10, 11, 16, 15, 5, 13, 4, 20, 6, 7, 12, 19, 14], 2.8430759748473085)]
[([14, 14, 14, 0, 0, 0, 14, 0, 0, 0, 0, 0, 0, 14, 0, 14, 14, 0, 0, 14, 0, 0, 14, 0, 0], 2.4004543583400486), ([1, 11, 16, 9, 2, 8, 3, 15, 17, 6, 13, 19, 18, 10, 7, 5, 12, 20, 4, 14], 2.4004543583400486)]
[([14, 0, 0, 0, 0, 0, 14, 0, 0, 0, 0, 0, 0, 0, 14, 14, 14, 0, 0, 0, 0, 14, 14, 14, 0], 2.005281058609546), ([1, 17, 12, 19, 16, 3, 15, 20, 4, 18, 8, 9, 2, 5, 11, 10, 13, 7, 6, 14], 2.005281058609546)]
[([14, 0, 0, 0, 14, 0, 0, 14, 0, 0, 0, 0, 0, 0, 14, 14, 0, 0, 14, 0, 0, 0, 0, 14, 0], 2.2624121182345127), ([1, 8, 11, 9, 18, 12, 7, 13, 20, 15, 2, 5, 3, 17, 6, 4, 16, 19, 10, 14], 2.2624121182345127)]
[([14, 0, 14, 0, 0, 0, 14, 0, 0, 0, 0, 0, 0, 14, 0, 0, 14, 0, 14, 0, 0, 14, 0, 0, 14], 2.1230769058831314), ([1, 9, 17, 5, 12, 8, 11, 2, 15, 18, 3, 7, 4, 10, 16, 19, 20, 6, 13, 14], 2.1230769058831314)]
[([14, 14, 0, 0, 14, 0, 0, 0, 0, 0, 0, 0, 0, 14, 0, 0, 14, 0, 14, 0, 14, 0, 14, 0, 0], 1.7993668519293275), ([1, 2, 12, 15, 9, 20, 8, 4, 7, 13, 5, 11, 16, 6, 10, 19, 18, 17, 3, 14], 1.7993668519293275)]
[([14, 0, 0, 0, 0, 0, 14, 14, 0, 0, 0, 0, 0, 0, 0, 14, 14, 0, 14, 0, 14, 14, 14, 14, 14], 2.2071354429556407), ([1, 16, 2, 11, 8, 20, 4, 7, 10, 19, 18, 15, 9, 17, 3, 5, 6, 12, 13, 14], 2.2071354429556407)]
[([14, 14, 14, 0, 14, 0, 0, 0, 0, 0, 0, 14, 0, 0, 14, 0, 0, 0, 14, 0, 0, 0, 14, 0, 0], 2.3642404635110923), ([1, 2, 7, 6, 3, 18, 4, 20, 13, 19, 11, 16, 17, 15, 5, 12, 10, 9, 8, 14], 2.3642404635110923)]
[([14, 14, 0, 0, 14, 0, 14, 14, 0, 0, 0, 0, 0, 14, 0, 14, 14, 0, 0, 0, 0, 0, 0, 0, 14], 2.4805202335805143), ([1, 12, 16, 9, 11, 4, 20, 13, 6, 19, 10, 5, 7, 18, 2, 3, 15, 17, 8, 14], 2.4805202335805143)]
[([14, 14, 14, 0, 0, 0, 0, 0, 0, 0, 0, 0, 0, 14, 0, 14, 0, 0, 14, 0, 14, 14, 0, 0, 14], 2.067321154039593), ([1, 15, 12, 17, 19, 20, 10, 6, 7, 16, 11, 9, 8, 18, 3, 5, 2, 13, 4, 14], 2.067321154039593)]
[([14, 0, 14, 0, 14, 0, 14, 0, 0, 0, 0, 14, 0, 14, 0, 0, 0, 0, 0, 14, 0, 14, 14, 14, 0], 2.6824100871793144), ([1, 8, 2, 17, 3, 5, 4, 13, 20, 10, 19, 16, 11, 9, 15, 18, 7, 6, 12, 14], 2.6824100871793144)]
[([14, 14, 14, 0, 14, 0, 14, 14, 0, 0, 0, 0, 0, 0, 0, 0, 0, 0, 14, 14, 0, 0, 0, 0, 14], 2.7239688858955264), ([1, 6, 16, 11, 9, 17, 5, 3, 2, 18, 15, 8, 19, 10, 7, 12, 13, 20, 4, 14], 2.7239688858955264)]
[([14, 14, 14, 0, 0, 0, 0, 14, 0, 0, 0, 0, 0, 14, 14, 14, 14, 0, 0, 0, 0, 14, 14, 0, 0], 2.448703135207249), ([1, 10, 11, 16, 20, 18, 2, 3, 13, 9, 8, 15, 17, 5, 7, 12, 6, 4, 19, 14], 2.448703135207249)]
[([14, 0, 0, 0, 14, 0, 14, 14, 0, 0, 0, 0, 0, 0, 0, 0, 0, 0, 14, 0, 0, 0, 14, 14, 14], 2.2885448385212457), ([1, 11, 8, 19, 16, 10, 9, 4, 20, 6, 7, 5, 18, 13, 12, 2, 15, 17, 3, 14], 2.2885448385212457)]
[([14, 14, 14, 0, 14, 0, 14, 0, 0, 0, 0, 0, 0, 14, 0, 14, 0, 0, 14, 14, 14, 14, 0, 14, 14], 2.0341131602661617), ([1, 5, 10, 16, 2, 8, 19, 11, 7, 17, 3, 15, 18, 12, 13, 20, 6, 4, 9, 14], 2.0341131602661617)]
[([14, 14, 14, 0, 0, 0, 0, 14, 0, 0, 0, 14, 0, 14, 14, 14, 14, 0, 14, 0, 0, 14, 0, 0, 0], 2.1106232204760835), ([1, 20, 7, 15, 17, 6, 2, 9, 10, 19, 8, 11, 16, 3, 18, 5, 12, 4, 13, 14], 2.1106232204760835)]
[([14, 14, 14, 0, 0, 0, 0, 14, 0, 0, 0, 14, 0, 0, 14, 0, 0, 0, 0, 0, 14, 0, 14, 14, 14], 2.3439063772637487), ([1, 5, 12, 20, 4, 15, 8, 9, 17, 6, 3, 18, 2, 19, 10, 7, 13, 16, 11, 14], 2.3439063772637487)]
[([14, 14, 14, 0, 14, 0, 0, 0, 0, 0, 0, 0, 0, 14, 14, 14, 14, 0, 0, 0, 14, 0, 0, 0, 0], 2.2227735528299792), ([1, 12, 20, 4, 13, 11, 5, 3, 8, 7, 6, 16, 9, 19, 10, 2, 15, 17, 18, 14], 2.2227735528299792)]
[([14, 0, 0, 0, 14, 0, 14, 14, 0, 0, 0, 0, 0, 0, 14, 14, 14, 0, 14, 14, 14, 14, 0, 0, 14], 2.221917490323505), ([1, 9, 12, 8, 18, 17, 3, 11, 16, 4, 7, 20, 6, 13, 10, 19, 15, 2, 5, 14], 2.221917490323505)]
[([14, 14, 0, 0, 14, 0, 14, 14, 0, 0, 0, 14, 0, 14, 14, 14, 0, 0, 0, 14, 0, 0, 0, 14, 0], 2.385682642121553), ([1, 15, 12, 16, 4, 20, 13, 19, 11, 8, 17, 3, 2, 5, 7, 6, 10, 9, 18, 14], 2.385682642121553)]
[([14, 14, 0, 0, 14, 0, 14, 0, 0, 0, 0, 14, 0, 0, 0, 14, 0, 0, 0, 0, 0, 0, 0, 14, 14], 2.22016389793966), ([1, 5, 17, 3, 16, 18, 15, 2, 20, 7, 19, 11, 9, 8, 6, 12, 4, 13, 10, 14], 2.22016389793966)]
[([14, 0, 14, 0, 14, 0, 0, 14, 0, 0, 0, 14, 0, 14, 0, 14, 14, 0, 0, 0, 14, 14, 0, 0, 14], 2.2521879644861804), ([1, 18, 12, 13, 10, 19, 5, 3, 6, 7, 9, 15, 17, 8, 11, 16, 4, 20, 2, 14], 2.2521879644861804)]
[([14, 14, 0, 0, 14, 0, 0, 0, 0, 0, 0, 0, 0, 14, 0, 14, 14, 0, 14, 14, 0, 14, 14, 14, 14], 3.210810361210232), ([1, 17, 3, 18, 2, 9, 8, 15, 11, 16, 19, 10, 13, 4, 20, 12, 7, 6, 5, 14], 3.210810361210232)]
[([14, 0, 0, 0, 0, 0, 14, 0, 0, 0, 0, 14, 0, 0, 14, 14, 14, 0, 14, 0, 14, 0, 14, 14, 0], 1.996881507542145), ([1, 19, 3, 17, 5, 15, 18, 13, 16, 12, 20, 4, 7, 9, 8, 2, 11, 6, 10, 14], 1.996881507542145)]
[([14, 0, 14, 0, 14, 0, 0, 0, 0, 0, 0, 0, 0, 0, 14, 0, 0, 0, 0, 0, 14, 0, 0, 14, 0], 2.296326168876873), ([1, 16, 20, 12, 7, 13, 11, 4, 8, 9, 15, 17, 3, 18, 10, 19, 6, 2, 5, 14], 2.296326168876873)]
[([14, 14, 14, 0, 0, 0, 0, 14, 0, 0, 0, 14, 0, 0, 14, 14, 14, 0, 0, 0, 0, 0, 0, 0, 0], 1.8566153293004044), ([1, 8, 20, 12, 7, 10, 18, 17, 9, 11, 15, 16, 4, 19, 3, 2, 6, 5, 13, 14], 1.8566153293004044)]
[([14, 14, 0, 0, 0, 0, 14, 0, 0, 0, 0, 14, 0, 0, 0, 14, 0, 0, 14, 0, 0, 14, 0, 0, 0], 1.8777965664795708), ([1, 15, 20, 11, 12, 17, 18, 19, 9, 16, 13, 4, 6, 7, 10, 8, 3, 2, 5, 14], 1.8777965664795708)]
[([14, 14, 14, 0, 14, 0, 14, 14, 0, 0, 0, 14, 0, 14, 0, 14, 14, 0, 14, 0, 0, 0, 14, 0, 14], 2.2914720756989095), ([1, 11, 19, 5, 2, 3, 15, 8, 6, 12, 10, 16, 13, 4, 20, 7, 17, 9, 18, 14], 2.2914720756989095)]
[([14, 14, 0, 0, 0, 0, 0, 14, 0, 0, 0, 0, 0, 0, 14, 14, 14, 0, 0, 0, 14, 14, 0, 14, 14], 2.1336837064898475), ([1, 8, 11, 17, 5, 12, 4, 7, 20, 10, 6, 13, 9, 16, 19, 18, 15, 3, 2, 14], 2.1336837064898475)]
[([14, 0, 14, 0, 14, 0, 14, 0, 0, 0, 0, 14, 0, 0, 14, 0, 0, 0, 14, 0, 0, 0, 14, 14, 0], 2.1054793711270086), ([1, 5, 11, 16, 10, 8, 18, 12, 15, 2, 19, 4, 7, 6, 20, 13, 3, 17, 9, 14], 2.1054793711270086)]

