Thu Apr 28 23:58:08 2016
[([19, 0, 0, 19, 0, 19, 19, 0, 0, 0, 19, 0, 0, 0, 0, 0, 0, 0, 0, 0, 0, 19, 0, 0, 0], 2.85671885184031), ([1, 7, 18, 5, 14, 17, 2, 8, 16, 12, 11, 13, 4, 3, 15, 9, 20, 6, 10, 19], 2.85671885184031)]
[([19, 0, 0, 19, 0, 19, 19, 0, 0, 0, 19, 0, 19, 0, 0, 0, 0, 19, 0, 0, 0, 0, 0, 0, 0], 2.305356534190879), ([1, 4, 9, 8, 10, 6, 7, 16, 3, 18, 2, 14, 12, 11, 15, 13, 5, 17, 20, 19], 2.305356534190879)]
[([0, 20, 0, 20, 0, 20, 0, 0, 20, 0, 0, 0, 0, 0, 0, 20, 20, 20, 20, 20, 0, 20, 20, 0, 0], 1.8626238310851928), ([1, 2, 16, 4, 18, 13, 5, 12, 19, 11, 6, 8, 7, 14, 17, 10, 3, 15, 9, 20], 1.8626238310851928)]
[([0, 20, 0, 0, 0, 20, 20, 0, 20, 0, 20, 0, 20, 0, 0, 0, 20, 20, 20, 0, 0, 0, 20, 20, 0], 2.177784644160459), ([1, 19, 4, 3, 9, 13, 12, 5, 17, 14, 10, 7, 6, 15, 11, 18, 16, 2, 8, 20], 2.177784644160459)]
[([19, 0, 0, 19, 0, 19, 0, 0, 0, 0, 19, 0, 19, 0, 0, 0, 0, 19, 0, 0, 0, 19, 0, 19, 0], 2.47893267243433), ([1, 16, 2, 3, 4, 5, 18, 6, 13, 9, 17, 14, 8, 10, 7, 20, 12, 15, 11, 19], 2.47893267243433)]
[([19, 0, 0, 19, 0, 19, 19, 0, 19, 0, 0, 0, 0, 0, 0, 0, 0, 19, 0, 0, 0, 19, 0, 19, 0], 2.4224745171772386), ([1, 10, 8, 11, 4, 13, 12, 18, 5, 3, 16, 15, 7, 17, 2, 14, 9, 20, 6, 19], 2.4224745171772386)]
[([19, 0, 0, 19, 0, 19, 19, 0, 0, 0, 0, 0, 19, 0, 0, 0, 0, 19, 0, 0, 0, 19, 0, 19, 0], 2.4988834080227944), ([1, 12, 4, 18, 15, 13, 7, 10, 8, 11, 3, 14, 16, 5, 2, 17, 6, 9, 20, 19], 2.4988834080227944)]
[([19, 0, 0, 19, 0, 0, 19, 0, 0, 0, 19, 0, 0, 0, 0, 0, 0, 19, 0, 0, 0, 0, 0, 0, 0], 2.272004548671283), ([1, 4, 13, 2, 16, 8, 7, 11, 15, 18, 14, 3, 12, 9, 5, 10, 17, 20, 6, 19], 2.272004548671283)]
[([19, 0, 0, 19, 0, 0, 0, 0, 0, 0, 19, 0, 19, 0, 0, 0, 0, 0, 0, 0, 0, 0, 0, 0, 0], 2.4052514263201825), ([1, 2, 11, 13, 18, 16, 10, 7, 3, 12, 14, 17, 8, 4, 5, 6, 9, 15, 20, 19], 2.4052514263201825)]
[([19, 0, 0, 19, 0, 19, 19, 0, 19, 0, 0, 0, 0, 0, 0, 0, 0, 19, 0, 0, 19, 0, 0, 19, 0], 2.447202966188125), ([1, 2, 16, 7, 12, 10, 3, 18, 5, 11, 4, 15, 13, 8, 14, 17, 9, 6, 20, 19], 2.447202966188125)]
[([0, 20, 0, 0, 0, 20, 20, 0, 0, 0, 20, 0, 20, 0, 0, 20, 20, 20, 20, 0, 0, 20, 20, 0, 0], 1.7946444817139804), ([1, 14, 10, 8, 11, 4, 16, 9, 19, 17, 12, 2, 18, 15, 13, 3, 5, 6, 7, 20], 1.7946444817139804)]
[([19, 0, 0, 19, 0, 19, 0, 0, 0, 0, 0, 0, 19, 0, 0, 0, 0, 0, 0, 0, 0, 19, 0, 0, 0], 2.571930353152768), ([1, 3, 11, 2, 4, 18, 8, 16, 12, 5, 13, 15, 6, 9, 20, 14, 17, 10, 7, 19], 2.571930353152768)]
[([19, 0, 0, 19, 0, 19, 0, 0, 19, 0, 19, 0, 0, 0, 0, 0, 0, 19, 0, 0, 0, 0, 0, 0, 0], 2.353877959073977), ([1, 11, 15, 7, 16, 8, 14, 18, 10, 2, 17, 6, 5, 4, 12, 3, 20, 9, 13, 19], 2.353877959073977)]
[([19, 0, 0, 0, 0, 0, 0, 0, 0, 0, 19, 0, 19, 0, 0, 0, 0, 0, 0, 0, 0, 19, 0, 19, 0], 3.013962744973025), ([1, 10, 7, 17, 14, 2, 8, 12, 18, 16, 4, 3, 11, 13, 9, 5, 15, 20, 6, 19], 3.013962744973025)]
[([20, 0, 0, 0, 20, 20, 0, 0, 0, 0, 20, 0, 0, 0, 0, 0, 20, 0, 0, 0, 0, 20, 20, 20, 0], 1.9330103247135795), ([1, 4, 16, 10, 9, 7, 19, 8, 6, 17, 14, 2, 18, 3, 12, 13, 15, 11, 5, 20], 1.9330103247135795)]
[([19, 0, 0, 19, 0, 19, 19, 0, 0, 0, 19, 0, 0, 0, 0, 0, 0, 19, 0, 0, 19, 0, 0, 0, 0], 2.5110306349829217), ([1, 6, 13, 14, 4, 18, 10, 16, 11, 3, 5, 7, 8, 17, 2, 12, 15, 9, 20, 19], 2.5110306349829217)]
[([19, 0, 0, 19, 0, 0, 0, 0, 19, 0, 0, 0, 19, 0, 0, 0, 0, 19, 0, 0, 19, 19, 0, 19, 0], 2.62367034972316), ([1, 16, 8, 4, 3, 15, 9, 20, 7, 17, 18, 2, 10, 14, 13, 11, 12, 5, 6, 19], 2.62367034972316)]
[([19, 0, 0, 19, 0, 19, 0, 0, 0, 0, 19, 0, 0, 0, 0, 0, 0, 19, 0, 0, 19, 19, 0, 0, 0], 2.2608676540027917), ([1, 8, 6, 13, 14, 10, 9, 16, 2, 17, 7, 3, 4, 18, 20, 5, 12, 15, 11, 19], 2.2608676540027917)]
[([19, 0, 0, 19, 0, 0, 0, 0, 19, 0, 0, 0, 0, 0, 0, 0, 0, 0, 0, 0, 0, 19, 0, 0, 0], 2.214747679556692), ([1, 4, 18, 11, 7, 13, 15, 10, 17, 3, 2, 16, 8, 5, 12, 14, 6, 9, 20, 19], 2.214747679556692)]
[([0, 0, 6, 0, 0, 0, 0, 0, 6, 0, 0, 0, 0, 0, 6, 0, 0, 0, 6, 0, 0, 0, 6, 6, 6], 1.7666330579338105), ([1, 18, 3, 4, 2, 16, 10, 19, 8, 14, 17, 5, 11, 13, 15, 7, 20, 12, 9, 6], 1.7666330579338105)]
[([19, 0, 0, 0, 0, 19, 19, 0, 19, 0, 0, 0, 19, 0, 0, 0, 0, 0, 0, 0, 19, 19, 0, 19, 0], 2.5431844225254094), ([1, 14, 4, 8, 2, 16, 17, 12, 13, 9, 15, 3, 11, 18, 5, 7, 10, 20, 6, 19], 2.5431844225254094)]
[([19, 0, 0, 19, 0, 19, 19, 0, 0, 0, 19, 0, 19, 0, 0, 0, 0, 0, 0, 0, 19, 0, 0, 0, 0], 2.4660633706480297), ([1, 3, 13, 20, 16, 18, 2, 4, 11, 8, 17, 10, 14, 6, 9, 15, 5, 12, 7, 19], 2.4660633706480297)]
[([19, 0, 0, 0, 0, 19, 19, 0, 0, 0, 19, 0, 19, 0, 0, 0, 0, 0, 0, 0, 19, 19, 0, 19, 0], 2.7134858810464237), ([1, 8, 13, 12, 16, 18, 2, 4, 3, 6, 7, 10, 17, 14, 5, 11, 15, 9, 20, 19], 2.7134858810464237)]
[([19, 0, 0, 19, 0, 0, 19, 0, 0, 0, 0, 0, 19, 0, 0, 0, 0, 0, 0, 0, 19, 0, 0, 0, 0], 2.5689764188711584), ([1, 5, 4, 14, 18, 6, 7, 20, 9, 11, 3, 13, 15, 12, 10, 8, 2, 17, 16, 19], 2.5689764188711584)]
[([19, 0, 0, 19, 0, 0, 0, 0, 19, 0, 19, 0, 0, 0, 0, 0, 0, 0, 0, 0, 19, 19, 0, 19, 0], 2.729705806839679), ([1, 17, 7, 3, 9, 12, 5, 13, 11, 15, 4, 14, 8, 10, 2, 18, 16, 6, 20, 19], 2.729705806839679)]
[([19, 0, 0, 0, 0, 19, 0, 0, 0, 0, 19, 0, 0, 0, 0, 0, 0, 19, 0, 0, 0, 19, 0, 0, 0], 2.5694778223266757), ([1, 14, 20, 9, 3, 4, 18, 10, 8, 17, 13, 11, 12, 16, 2, 5, 15, 6, 7, 19], 2.5694778223266757)]
[([19, 0, 0, 0, 0, 19, 19, 0, 19, 0, 0, 0, 19, 0, 0, 0, 0, 19, 0, 0, 19, 19, 0, 0, 0], 2.5327001769301827), ([1, 14, 20, 9, 13, 11, 12, 4, 2, 16, 5, 7, 18, 10, 17, 8, 3, 15, 6, 19], 2.5327001769301827)]
[([19, 0, 0, 19, 0, 19, 0, 0, 0, 0, 19, 0, 19, 0, 0, 0, 0, 19, 0, 0, 19, 0, 0, 0, 0], 2.755761622032685), ([1, 18, 4, 16, 2, 14, 17, 13, 5, 7, 8, 10, 11, 3, 15, 12, 9, 6, 20, 19], 2.755761622032685)]
[([0, 20, 0, 0, 20, 0, 0, 0, 0, 0, 0, 0, 20, 0, 20, 0, 20, 0, 0, 20, 0, 0, 20, 20, 0], 1.9053155177076018), ([1, 7, 12, 2, 8, 10, 19, 18, 9, 14, 16, 4, 15, 11, 13, 3, 5, 17, 6, 20], 1.9053155177076018)]
[([0, 20, 0, 0, 0, 0, 0, 0, 20, 0, 20, 0, 0, 0, 20, 20, 0, 20, 0, 0, 0, 0, 0, 20, 0], 1.911804775280788), ([1, 19, 10, 4, 2, 11, 15, 13, 9, 7, 16, 18, 14, 12, 3, 5, 6, 8, 17, 20], 1.911804775280788)]

