Thu Apr 28 17:47:11 2016
[([0, 9, 9, 0, 0], 14.186955333544136), ([1, 4, 7, 18, 12, 2, 17, 8, 15, 20, 10, 14, 16, 5, 3, 19, 6, 13, 11, 9], 14.186955333544136)]
[([0, 9, 0, 0, 9], 12.934772024319537), ([1, 13, 10, 18, 11, 2, 3, 19, 17, 6, 20, 15, 5, 8, 16, 14, 12, 7, 4, 9], 12.934772024319537)]
[([0, 2, 0, 0, 0], 13.628604468601411), ([1, 8, 11, 20, 14, 16, 10, 5, 7, 9, 12, 4, 18, 15, 6, 13, 17, 19, 3, 2], 13.628604468601411)]
[([0, 2, 0, 0, 0], 12.576227662935908), ([1, 3, 13, 5, 16, 14, 18, 4, 11, 7, 17, 19, 20, 9, 12, 8, 6, 10, 15, 2], 12.576227662935908)]
[([0, 9, 9, 0, 0], 13.491773371853688), ([1, 5, 12, 18, 14, 16, 15, 10, 3, 13, 17, 8, 20, 19, 2, 11, 6, 7, 4, 9], 13.491773371853688)]
[([0, 9, 9, 0, 0], 13.137387123668894), ([1, 7, 18, 4, 2, 11, 3, 17, 19, 15, 16, 14, 20, 12, 5, 8, 10, 13, 6, 9], 13.137387123668894)]
[([0, 9, 0, 0, 9], 14.104363693537039), ([1, 4, 18, 14, 16, 15, 8, 5, 12, 17, 6, 20, 10, 3, 13, 19, 11, 7, 2, 9], 14.104363693537039)]
[([0, 9, 9, 0, 9], 11.68073833473663), ([1, 6, 8, 4, 7, 18, 20, 3, 15, 10, 14, 16, 17, 19, 2, 12, 5, 13, 11, 9], 11.68073833473663)]
[([0, 2, 0, 0, 2], 14.161873825870803), ([1, 3, 20, 17, 8, 19, 13, 6, 15, 10, 5, 14, 16, 4, 7, 9, 18, 12, 11, 2], 14.161873825870803)]
[([0, 0, 4, 0, 0], 10.460229807445835), ([1, 9, 2, 3, 19, 8, 5, 12, 18, 15, 10, 6, 17, 13, 14, 20, 16, 7, 11, 4], 10.460229807445835)]
[([0, 2, 0, 0, 2], 14.492303359344614), ([1, 19, 3, 12, 5, 11, 7, 18, 4, 9, 8, 10, 16, 14, 15, 13, 17, 6, 20, 2], 14.492303359344614)]
[([0, 9, 9, 0, 0], 13.338276790791147), ([1, 3, 13, 6, 16, 14, 18, 7, 4, 11, 2, 17, 19, 8, 10, 5, 20, 15, 12, 9], 13.338276790791147)]
[([0, 9, 9, 0, 0], 13.022541378800272), ([1, 11, 3, 12, 15, 8, 16, 14, 10, 19, 13, 20, 6, 17, 18, 4, 7, 5, 2, 9], 13.022541378800272)]
[([0, 9, 9, 0, 0], 13.840713764695273), ([1, 7, 11, 18, 5, 12, 15, 16, 14, 20, 6, 10, 8, 19, 13, 3, 17, 2, 4, 9], 13.840713764695273)]
[([0, 9, 9, 0, 9], 12.930848543422837), ([1, 4, 18, 14, 16, 17, 3, 6, 8, 15, 7, 11, 2, 12, 5, 10, 20, 13, 19, 9], 12.930848543422837)]
[([0, 9, 9, 0, 9], 13.24735344775195), ([1, 11, 19, 17, 8, 12, 4, 7, 18, 15, 10, 6, 20, 13, 3, 14, 16, 2, 5, 9], 13.24735344775195)]
[([0, 9, 0, 0, 0], 12.478025159087109), ([1, 7, 14, 10, 15, 3, 19, 20, 16, 8, 17, 13, 6, 2, 11, 12, 5, 18, 4, 9], 12.478025159087109)]
[([0, 0, 6, 0, 0], 9.981465308418594), ([1, 2, 18, 5, 7, 9, 20, 17, 13, 3, 19, 11, 4, 12, 15, 16, 14, 10, 8, 6], 9.981465308418594)]
[([0, 9, 0, 0, 0], 12.86690748670465), ([1, 2, 8, 12, 18, 14, 16, 10, 19, 11, 3, 6, 17, 20, 15, 5, 13, 7, 4, 9], 12.86690748670465)]
[([0, 9, 9, 0, 0], 13.05197810023909), ([1, 14, 16, 10, 20, 13, 11, 7, 2, 4, 18, 8, 6, 3, 19, 17, 5, 15, 12, 9], 13.05197810023909)]
[([0, 2, 0, 0, 2], 14.251128880324126), ([1, 11, 9, 13, 19, 17, 5, 18, 4, 7, 12, 15, 3, 8, 6, 20, 14, 16, 10, 2], 14.251128880324126)]
[([0, 9, 9, 0, 9], 12.832707302545053), ([1, 7, 18, 5, 14, 16, 10, 17, 2, 3, 8, 11, 6, 19, 13, 20, 15, 12, 4, 9], 12.832707302545053)]
[([0, 11, 0, 0, 0], 14.552617800261528), ([1, 19, 5, 12, 18, 7, 4, 9, 10, 13, 17, 2, 3, 20, 6, 8, 15, 16, 14, 11], 14.552617800261528)]
[([0, 2, 0, 0, 2], 14.26283701405348), ([1, 12, 4, 18, 11, 15, 16, 14, 5, 10, 20, 6, 17, 19, 3, 13, 8, 7, 9, 2], 14.26283701405348)]
[([0, 0, 6, 0, 0], 8.594586123413073), ([1, 4, 18, 9, 17, 11, 3, 19, 13, 12, 7, 8, 10, 15, 14, 20, 5, 16, 6, 2], 8.594586123413073)]
[([0, 9, 9, 0, 9], 13.443703786684134), ([1, 19, 17, 11, 13, 3, 6, 20, 8, 5, 15, 10, 12, 14, 16, 18, 2, 7, 4, 9], 13.443703786684134)]
[([0, 9, 9, 0, 9], 11.93690085068387), ([1, 11, 2, 18, 14, 5, 6, 17, 8, 16, 10, 12, 15, 4, 7, 20, 13, 19, 3, 9], 11.93690085068387)]
[([0, 9, 9, 0, 0], 12.301286375598805), ([1, 13, 12, 16, 14, 20, 8, 11, 2, 17, 6, 15, 10, 5, 19, 3, 18, 7, 4, 9], 12.301286375598805)]
[([0, 9, 9, 0, 9], 13.849324048263295), ([1, 18, 4, 7, 6, 5, 12, 8, 17, 13, 3, 19, 11, 2, 10, 14, 16, 20, 15, 9], 13.849324048263295)]
[([0, 2, 0, 0, 0], 15.111900416679916), ([1, 11, 7, 18, 4, 9, 12, 17, 13, 14, 16, 8, 20, 19, 3, 6, 10, 15, 5, 2], 15.111900416679916)]

