Sat Apr 30 17:29:20 2016
[([0, 0, 0, 0, 0, 0, 0, 0, 0, 0, 9, 0, 0, 0, 0], 27.478567227615585), ([1, 3, 7, 8, 4, 10, 5, 6, 2, 9], 27.478567227615585)]
[([0, 0, 0, 0, 0, 0, 0, 0, 0, 0, 9, 0, 0, 0, 0], 29.480063432638296), ([1, 3, 7, 8, 4, 6, 10, 5, 2, 9], 29.480063432638296)]
[([0, 0, 0, 0, 0, 0, 0, 0, 0, 0, 9, 0, 0, 9, 0], 25.976849940439195), ([1, 3, 10, 5, 6, 4, 8, 7, 2, 9], 25.976849940439195)]
[([0, 0, 0, 0, 0, 0, 0, 0, 0, 0, 9, 0, 0, 0, 0], 29.895766021579107), ([1, 7, 3, 4, 8, 6, 5, 10, 2, 9], 29.895766021579107)]
[([0, 0, 0, 0, 0, 0, 0, 0, 0, 0, 9, 0, 0, 0, 0], 23.560585183266948), ([1, 2, 10, 6, 7, 3, 4, 8, 5, 9], 23.560585183266948)]
[([0, 0, 0, 0, 0, 0, 0, 0, 0, 0, 9, 0, 0, 0, 0], 24.27041740131195), ([1, 10, 5, 4, 6, 8, 3, 7, 2, 9], 24.27041740131195)]
[([0, 0, 0, 0, 0, 0, 0, 0, 0, 0, 9, 0, 0, 0, 0], 22.987416786001617), ([1, 7, 6, 5, 10, 4, 3, 8, 2, 9], 22.987416786001617)]
[([0, 0, 0, 0, 0, 0, 0, 0, 0, 0, 9, 0, 0, 9, 0], 24.156109937189534), ([1, 3, 7, 4, 10, 5, 8, 6, 2, 9], 24.156109937189534)]
[([0, 0, 0, 0, 0, 0, 0, 0, 0, 0, 9, 0, 0, 9, 0], 24.254880194806574), ([1, 2, 10, 6, 4, 8, 3, 7, 5, 9], 24.254880194806574)]
[([0, 0, 0, 0, 0, 0, 0, 0, 0, 0, 9, 0, 0, 9, 0], 20.996071845005908), ([1, 3, 2, 5, 8, 7, 4, 6, 10, 9], 20.996071845005908)]
[([0, 0, 0, 0, 0, 0, 0, 0, 0, 0, 9, 0, 0, 9, 0], 25.18802837037426), ([1, 3, 7, 10, 4, 8, 6, 5, 2, 9], 25.18802837037426)]
[([0, 0, 0, 0, 0, 0, 0, 0, 0, 0, 9, 0, 0, 0, 0], 26.590227252534632), ([1, 5, 10, 6, 8, 4, 3, 7, 2, 9], 26.590227252534632)]
[([0, 0, 0, 0, 0, 0, 0, 0, 0, 0, 9, 0, 0, 0, 0], 25.976849940439195), ([1, 3, 10, 5, 6, 4, 8, 7, 2, 9], 25.976849940439195)]
[([0, 0, 0, 0, 0, 0, 0, 0, 0, 0, 9, 0, 0, 9, 0], 24.851737440064134), ([1, 8, 4, 3, 7, 10, 6, 5, 2, 9], 24.851737440064134)]
[([0, 0, 0, 0, 0, 0, 0, 0, 0, 0, 9, 0, 0, 9, 0], 25.75639622982181), ([1, 10, 6, 5, 4, 8, 3, 7, 2, 9], 25.75639622982181)]
[([0, 0, 0, 0, 0, 0, 0, 0, 0, 0, 9, 0, 0, 9, 0], 26.485894466041927), ([1, 3, 8, 4, 6, 10, 5, 7, 2, 9], 26.485894466041927)]
[([0, 0, 0, 0, 0, 0, 0, 0, 0, 0, 9, 0, 0, 0, 0], 26.978057171961467), ([1, 3, 8, 7, 4, 6, 5, 10, 2, 9], 26.978057171961467)]
[([0, 0, 0, 0, 0, 0, 0, 0, 0, 0, 9, 0, 0, 9, 0], 27.168388048068724), ([1, 10, 5, 6, 4, 8, 7, 3, 2, 9], 27.168388048068724)]
[([0, 0, 0, 0, 0, 0, 0, 0, 0, 0, 9, 0, 0, 9, 0], 30.27646052136645), ([1, 7, 3, 8, 4, 6, 5, 10, 2, 9], 30.27646052136645)]
[([0, 0, 0, 0, 0, 0, 0, 0, 0, 0, 9, 0, 0, 9, 0], 26.07778221334689), ([1, 3, 5, 10, 6, 4, 8, 7, 2, 9], 26.07778221334689)]
[([0, 0, 0, 0, 0, 0, 0, 0, 0, 0, 9, 0, 0, 9, 0], 27.35568818395849), ([1, 3, 7, 6, 4, 8, 5, 10, 2, 9], 27.35568818395849)]
[([0, 0, 0, 0, 0, 0, 0, 0, 0, 0, 9, 0, 0, 9, 0], 27.133867861689517), ([1, 3, 8, 4, 7, 6, 5, 10, 2, 9], 27.133867861689517)]
[([0, 0, 0, 0, 0, 0, 0, 0, 0, 0, 9, 0, 0, 0, 0], 24.345374858392695), ([1, 3, 5, 7, 8, 4, 6, 10, 2, 9], 24.345374858392695)]
[([0, 0, 0, 0, 0, 0, 0, 0, 0, 0, 9, 0, 0, 9, 0], 24.529942038968123), ([1, 2, 6, 5, 10, 4, 8, 3, 7, 9], 24.529942038968123)]
[([0, 0, 0, 0, 0, 0, 0, 0, 0, 0, 9, 0, 0, 9, 0], 23.68458677423545), ([1, 4, 3, 7, 8, 10, 6, 5, 2, 9], 23.68458677423545)]
[([0, 0, 0, 0, 0, 0, 0, 0, 0, 0, 9, 0, 0, 9, 0], 26.81973811589848), ([1, 7, 8, 3, 4, 6, 5, 10, 2, 9], 26.81973811589848)]
[([0, 0, 0, 0, 0, 0, 0, 0, 0, 0, 9, 0, 0, 9, 0], 27.366523736572802), ([1, 3, 4, 8, 7, 6, 5, 10, 2, 9], 27.366523736572802)]
[([0, 0, 0, 0, 0, 0, 0, 0, 0, 0, 9, 0, 0, 0, 0], 26.63182856106803), ([1, 3, 7, 10, 5, 6, 4, 8, 2, 9], 26.63182856106803)]
[([0, 0, 0, 0, 0, 0, 0, 0, 0, 0, 9, 0, 0, 9, 0], 20.505280466418153), ([1, 7, 3, 5, 6, 4, 8, 10, 9, 2], 20.505280466418153)]
[([0, 0, 0, 0, 0, 0, 0, 0, 0, 0, 9, 0, 0, 0, 0], 25.463244136352994), ([1, 3, 4, 8, 7, 10, 5, 6, 2, 9], 25.463244136352994)]

