Sat Apr 30 01:38:11 2016
[([10, 0, 0, 0, 0, 10, 0, 10, 0, 0], 0.8265903953457288), ([1, 8, 5, 2, 6, 9, 4, 3, 7, 10], 0.8265903953457288)]
[([10, 0, 10, 0, 0, 10, 10, 0, 0, 0], 0.7978639148260476), ([1, 4, 9, 6, 2, 5, 8, 3, 7, 10], 0.7978639148260476)]
[([0, 3, 3, 0, 3, 3, 0, 0, 3, 0], 0.7946299448236662), ([1, 7, 4, 10, 2, 5, 6, 9, 8, 3], 0.7946299448236662)]
[([0, 3, 3, 0, 3, 3, 0, 0, 0, 0], 1.0192912933617666), ([1, 5, 8, 2, 6, 9, 4, 10, 7, 3], 1.0192912933617666)]
[([0, 0, 0, 0, 0, 0, 0, 0, 0, 7], 18.479850386998905), ([1, 5, 8, 6, 2, 9, 4, 10, 7, 3], 18.479850386998905)]
[([10, 0, 10, 0, 0, 0, 0, 10, 0, 0], 0.7756964399037554), ([1, 4, 6, 8, 5, 2, 9, 3, 7, 10], 0.7756964399037554)]
[([0, 3, 3, 0, 0, 3, 0, 0, 0, 0], 0.9486514869531306), ([1, 9, 6, 2, 8, 5, 4, 7, 10, 3], 0.9486514869531306)]
[([0, 3, 3, 0, 3, 3, 0, 0, 0, 0], 1.0208196109310048), ([1, 5, 8, 2, 6, 9, 4, 7, 10, 3], 1.0208196109310048)]
[([0, 3, 3, 0, 3, 3, 0, 0, 3, 0], 1.0208196109310048), ([1, 5, 8, 2, 6, 9, 4, 7, 10, 3], 1.0208196109310048)]
[([0, 3, 3, 0, 0, 3, 0, 0, 3, 0], 0.9546584461841701), ([1, 10, 4, 9, 6, 8, 5, 2, 7, 3], 0.9546584461841701)]
[([0, 3, 0, 0, 3, 0, 0, 0, 3, 0], 0.9389287904330047), ([1, 7, 2, 8, 5, 6, 9, 4, 10, 3], 0.9389287904330047)]
[([0, 0, 0, 0, 0, 0, 0, 0, 0, 10], 18.152973362759397), ([1, 4, 3, 5, 8, 2, 6, 9, 7, 10], 18.152973362759397)]
[([0, 3, 0, 0, 3, 3, 0, 0, 0, 0], 0.9708220967394778), ([1, 2, 5, 8, 6, 9, 4, 10, 7, 3], 0.9708220967394778)]
[([0, 3, 3, 0, 0, 0, 0, 0, 0, 0], 0.9370108325700102), ([1, 7, 4, 9, 6, 5, 8, 2, 10, 3], 0.9370108325700102)]
[([0, 3, 3, 0, 3, 3, 0, 0, 3, 0], 0.934317222520441), ([1, 10, 4, 7, 5, 8, 2, 6, 9, 3], 0.934317222520441)]
[([0, 3, 3, 0, 0, 3, 0, 0, 0, 0], 0.9573715878057008), ([1, 7, 4, 9, 6, 2, 8, 5, 10, 3], 0.9573715878057008)]
[([0, 3, 0, 0, 0, 3, 0, 0, 3, 0], 0.9481786423259133), ([1, 8, 5, 2, 6, 9, 7, 4, 10, 3], 0.9481786423259133)]
[([0, 0, 0, 0, 0, 0, 0, 0, 0, 10], 20.864817579753083), ([1, 5, 8, 2, 6, 9, 4, 3, 7, 10], 20.864817579753083)]
[([10, 0, 10, 0, 0, 0, 0, 0, 10, 0], 0.7862333756798465), ([1, 7, 2, 5, 8, 6, 9, 4, 3, 10], 0.7862333756798465)]
[([0, 3, 0, 0, 0, 3, 0, 0, 0, 0], 0.9411010349646062), ([1, 6, 8, 5, 2, 9, 4, 7, 10, 3], 0.9411010349646062)]
[([10, 0, 0, 0, 0, 10, 0, 10, 0, 10], 0.846829511057405), ([1, 5, 8, 2, 6, 9, 4, 3, 7, 10], 0.846829511057405)]
[([0, 3, 3, 0, 3, 3, 0, 0, 0, 0], 0.9663112325605834), ([1, 10, 7, 4, 9, 6, 5, 8, 2, 3], 0.9663112325605834)]
[([0, 3, 0, 0, 3, 0, 0, 0, 0, 0], 0.9903702471247727), ([1, 10, 7, 4, 9, 6, 2, 8, 5, 3], 0.9903702471247727)]
[([0, 3, 3, 0, 0, 3, 0, 0, 3, 0], 0.9576692735682291), ([1, 4, 9, 6, 2, 8, 5, 7, 10, 3], 0.9576692735682291)]
[([10, 0, 10, 0, 0, 10, 10, 0, 0, 10], 0.7764358720207061), ([1, 7, 4, 6, 8, 5, 2, 9, 3, 10], 0.7764358720207061)]
[([0, 3, 3, 0, 0, 0, 0, 0, 3, 0], 0.9921477178858336), ([1, 5, 8, 6, 2, 9, 4, 7, 10, 3], 0.9921477178858336)]
[([0, 3, 3, 0, 3, 3, 0, 0, 0, 0], 1.0208196109310048), ([1, 5, 8, 2, 6, 9, 4, 7, 10, 3], 1.0208196109310048)]
[([10, 0, 10, 0, 0, 0, 10, 10, 0, 10], 0.821095652992049), ([1, 5, 8, 6, 2, 9, 4, 7, 3, 10], 0.821095652992049)]
[([0, 3, 3, 0, 3, 3, 0, 0, 3, 0], 0.9145272362453166), ([1, 4, 6, 9, 2, 8, 5, 7, 10, 3], 0.9145272362453166)]
[([10, 0, 10, 0, 0, 0, 10, 10, 10, 10], 0.7894915386284966), ([1, 9, 6, 2, 8, 5, 4, 3, 7, 10], 0.7894915386284966)]

