Sat Apr 30 00:36:03 2016
[([0, 10, 0, 0, 0, 0, 0, 10, 0, 0], 1.787278027347433), ([1, 7, 8, 5, 4, 9, 6, 3, 2, 10], 1.787278027347433)]
[([0, 0, 0, 0, 0, 0, 0, 0, 0, 10], 23.304443964421644), ([1, 7, 8, 3, 2, 4, 9, 5, 6, 10], 23.304443964421644)]
[([0, 10, 0, 0, 0, 0, 10, 10, 0, 10], 2.1559035367763064), ([1, 7, 2, 8, 3, 4, 9, 5, 6, 10], 2.1559035367763064)]
[([0, 0, 0, 0, 0, 0, 0, 0, 0, 10], 24.37494690905591), ([1, 7, 8, 2, 4, 3, 9, 5, 6, 10], 24.37494690905591)]
[([0, 3, 3, 0, 3, 0, 3, 0, 3, 0], 0.7785165094790613), ([1, 7, 4, 5, 9, 8, 2, 10, 6, 3], 0.7785165094790613)]
[([0, 0, 0, 0, 0, 0, 0, 0, 0, 10], 22.043641363812633), ([1, 7, 2, 8, 5, 9, 4, 6, 3, 10], 22.043641363812633)]
[([0, 0, 0, 0, 0, 0, 0, 0, 0, 10], 21.638322483303398), ([1, 7, 8, 4, 9, 5, 3, 2, 6, 10], 21.638322483303398)]
[([0, 10, 0, 0, 0, 0, 10, 10, 0, 10], 2.0332585003427495), ([1, 7, 8, 2, 3, 9, 5, 4, 6, 10], 2.0332585003427495)]
[([0, 0, 0, 0, 0, 0, 0, 0, 0, 10], 25.007949188705954), ([1, 7, 2, 8, 4, 9, 5, 6, 3, 10], 25.007949188705954)]
[([0, 10, 0, 0, 0, 0, 10, 10, 0, 0], 2.0881780566170858), ([1, 7, 2, 8, 6, 5, 9, 4, 3, 10], 2.0881780566170858)]
[([0, 0, 0, 0, 0, 0, 0, 0, 0, 10], 23.218807938899566), ([1, 7, 2, 8, 5, 9, 4, 3, 6, 10], 23.218807938899566)]
[([0, 10, 0, 0, 0, 0, 0, 10, 0, 0], 1.9703989103073187), ([1, 7, 3, 8, 2, 4, 5, 9, 6, 10], 1.9703989103073187)]
[([0, 0, 0, 0, 0, 0, 0, 0, 0, 10], 22.92525476657973), ([1, 8, 7, 2, 3, 4, 9, 5, 6, 10], 22.92525476657973)]
[([0, 10, 0, 0, 0, 0, 10, 10, 0, 10], 1.9946589626420508), ([1, 7, 8, 2, 9, 5, 6, 4, 3, 10], 1.9946589626420508)]
[([0, 10, 0, 0, 0, 0, 10, 10, 0, 0], 2.183785206779783), ([1, 7, 8, 2, 3, 4, 9, 5, 6, 10], 2.183785206779783)]
[([0, 0, 0, 0, 0, 0, 0, 0, 2, 0], 33.111075166015965), ([1, 7, 10, 3, 6, 5, 9, 4, 8, 2], 33.111075166015965)]
[([0, 0, 0, 0, 0, 0, 0, 0, 0, 10], 24.51681240477839), ([1, 7, 8, 2, 6, 5, 9, 4, 3, 10], 24.51681240477839)]
[([0, 0, 0, 0, 0, 0, 0, 0, 2, 0], 30.47913745266966), ([1, 7, 8, 3, 4, 9, 5, 10, 6, 2], 30.47913745266966)]
[([0, 0, 0, 0, 0, 0, 0, 0, 0, 10], 21.220742896169256), ([1, 7, 2, 8, 3, 4, 9, 6, 5, 10], 21.220742896169256)]
[([0, 0, 0, 0, 0, 0, 0, 0, 6, 0], 21.432248839197147), ([1, 8, 7, 4, 9, 5, 3, 2, 6, 10], 21.432248839197147)]
[([0, 10, 0, 0, 0, 0, 10, 10, 0, 0], 1.8783303429678186), ([1, 7, 8, 5, 9, 4, 6, 3, 2, 10], 1.8783303429678186)]
[([0, 0, 0, 0, 0, 0, 0, 0, 0, 10], 24.929017559462366), ([1, 7, 8, 2, 4, 9, 5, 3, 6, 10], 24.929017559462366)]
[([0, 0, 0, 0, 0, 0, 0, 0, 0, 10], 24.37494690905591), ([1, 7, 8, 2, 4, 3, 9, 5, 6, 10], 24.37494690905591)]
[([0, 0, 0, 0, 0, 0, 0, 0, 2, 0], 30.18820865938947), ([1, 7, 3, 10, 4, 9, 5, 6, 8, 2], 30.18820865938947)]
[([0, 0, 0, 0, 0, 0, 0, 0, 0, 10], 20.447905334194825), ([1, 7, 4, 5, 9, 3, 2, 8, 6, 10], 20.447905334194825)]
[([0, 10, 0, 0, 0, 0, 0, 10, 0, 0], 1.8952131124803167), ([1, 7, 9, 5, 6, 3, 4, 2, 8, 10], 1.8952131124803167)]
[([0, 0, 0, 0, 0, 0, 0, 0, 0, 10], 21.03758700351355), ([1, 7, 2, 4, 9, 5, 8, 3, 6, 10], 21.03758700351355)]
[([0, 10, 0, 0, 0, 0, 0, 10, 0, 0], 2.1322086159944966), ([1, 7, 8, 2, 4, 9, 5, 3, 6, 10], 2.1322086159944966)]
[([0, 10, 0, 0, 0, 0, 10, 10, 0, 0], 2.1322086159944966), ([1, 7, 8, 2, 4, 9, 5, 3, 6, 10], 2.1322086159944966)]
[([0, 0, 0, 0, 0, 0, 0, 0, 0, 10], 21.69547392846534), ([1, 7, 4, 9, 5, 6, 8, 2, 3, 10], 21.69547392846534)]

