Sat Apr 30 03:14:37 2016
[([0, 10, 0, 10, 10, 0, 0, 0, 0, 10], 2.9863417691233103), ([1, 4, 9, 7, 5, 6, 2, 3, 8, 10], 2.9863417691233103)]
[([0, 0, 0, 0, 0, 0, 0, 0, 0, 10], 18.770852761829662), ([1, 2, 8, 7, 6, 3, 5, 4, 9, 10], 18.770852761829662)]
[([0, 10, 0, 10, 10, 0, 10, 0, 0, 10], 3.189279943172569), ([1, 8, 2, 3, 6, 5, 7, 4, 9, 10], 3.189279943172569)]
[([0, 10, 0, 0, 10, 0, 10, 0, 0, 10], 2.8469657864310975), ([1, 5, 6, 3, 2, 8, 7, 4, 9, 10], 2.8469657864310975)]
[([0, 10, 0, 0, 0, 10, 10, 0, 0, 0], 3.1710378059387465), ([1, 4, 9, 7, 3, 6, 5, 8, 2, 10], 3.1710378059387465)]
[([0, 0, 0, 0, 0, 0, 0, 0, 0, 10], 20.62148213644783), ([1, 2, 8, 3, 6, 5, 7, 9, 4, 10], 20.62148213644783)]
[([0, 10, 0, 10, 0, 10, 10, 0, 0, 0], 3.283319818445776), ([1, 9, 4, 7, 5, 6, 3, 2, 8, 10], 3.283319818445776)]
[([0, 0, 0, 0, 0, 0, 0, 0, 0, 10], 21.326449120144968), ([1, 8, 2, 3, 6, 5, 7, 4, 9, 10], 21.326449120144968)]
[([0, 10, 0, 10, 10, 10, 10, 0, 0, 0], 3.017065449875609), ([1, 9, 4, 8, 2, 3, 6, 5, 7, 10], 3.017065449875609)]
[([0, 0, 0, 0, 0, 0, 0, 0, 0, 10], 19.796764488834334), ([1, 7, 5, 6, 3, 2, 8, 9, 4, 10], 19.796764488834334)]
[([0, 10, 0, 10, 0, 10, 0, 0, 0, 0], 2.9540110996466216), ([1, 4, 9, 8, 2, 7, 5, 6, 3, 10], 2.9540110996466216)]
[([0, 10, 0, 10, 10, 0, 0, 0, 0, 0], 3.013704139923768), ([1, 4, 9, 8, 3, 6, 5, 7, 2, 10], 3.013704139923768)]
[([0, 10, 0, 0, 0, 10, 10, 0, 0, 0], 2.935990073064698), ([1, 2, 8, 5, 7, 6, 3, 9, 4, 10], 2.935990073064698)]
[([0, 0, 0, 0, 0, 0, 0, 0, 0, 10], 18.229056913482612), ([1, 2, 5, 6, 3, 7, 4, 9, 8, 10], 18.229056913482612)]
[([0, 0, 0, 0, 0, 0, 0, 0, 0, 10], 19.307145509516584), ([1, 2, 8, 7, 5, 6, 3, 9, 4, 10], 19.307145509516584)]
[([0, 10, 0, 0, 10, 10, 10, 0, 0, 0], 2.941108586079883), ([1, 2, 8, 3, 5, 7, 6, 9, 4, 10], 2.941108586079883)]
[([0, 0, 0, 0, 0, 0, 0, 0, 0, 10], 21.420462484137197), ([1, 8, 2, 3, 6, 5, 7, 9, 4, 10], 21.420462484137197)]
[([0, 0, 0, 0, 0, 0, 0, 0, 0, 10], 18.725089631814786), ([1, 4, 8, 2, 6, 3, 5, 7, 9, 10], 18.725089631814786)]
[([0, 10, 0, 0, 0, 10, 0, 0, 0, 0], 3.0141094177940064), ([1, 8, 2, 3, 5, 7, 6, 9, 4, 10], 3.0141094177940064)]
[([0, 10, 0, 0, 10, 0, 10, 0, 0, 10], 3.227861529943452), ([1, 4, 9, 7, 6, 5, 3, 2, 8, 10], 3.227861529943452)]
[([0, 0, 0, 0, 0, 0, 0, 0, 0, 10], 21.326449120144968), ([1, 8, 2, 3, 6, 5, 7, 4, 9, 10], 21.326449120144968)]
[([0, 10, 0, 10, 10, 0, 10, 0, 0, 10], 2.9115266673674793), ([1, 4, 9, 7, 3, 2, 6, 5, 8, 10], 2.9115266673674793)]
[([0, 0, 0, 0, 0, 0, 0, 0, 0, 10], 17.9302513876906), ([1, 3, 5, 6, 7, 4, 9, 2, 8, 10], 17.9302513876906)]
[([0, 0, 0, 0, 0, 0, 0, 0, 0, 10], 20.560343979686188), ([1, 8, 2, 6, 5, 3, 7, 9, 4, 10], 20.560343979686188)]
[([0, 0, 0, 0, 0, 0, 0, 0, 6, 0], 4.3054638985500775), ([1, 4, 9, 3, 5, 7, 2, 6, 8, 10], 4.3054638985500775)]
[([0, 10, 0, 10, 10, 10, 0, 0, 0, 0], 3.1617080290274946), ([1, 9, 4, 7, 6, 3, 5, 8, 2, 10], 3.1617080290274946)]
[([0, 0, 0, 0, 0, 0, 0, 0, 0, 10], 21.364722067911064), ([1, 4, 9, 7, 3, 5, 6, 2, 8, 10], 21.364722067911064)]
[([0, 10, 0, 10, 10, 0, 10, 0, 0, 10], 2.9772745606852635), ([1, 2, 8, 7, 5, 6, 3, 9, 4, 10], 2.9772745606852635)]
[([0, 10, 0, 10, 10, 10, 0, 0, 0, 0], 3.072305745871724), ([1, 2, 8, 6, 3, 5, 7, 9, 4, 10], 3.072305745871724)]
[([0, 10, 0, 0, 10, 0, 0, 0, 0, 0], 2.9504003145049804), ([1, 7, 3, 5, 6, 2, 8, 9, 4, 10], 2.9504003145049804)]

