Sat Apr 30 00:04:43 2016
[([0, 0, 0, 0, 0, 0, 0, 0, 0, 10], 37.799671291718326), ([1, 3, 5, 6, 7, 4, 8, 2, 9, 10], 37.799671291718326)]
[([0, 0, 0, 0, 0, 0, 0, 0, 0, 10], 34.80843713347603), ([1, 6, 3, 5, 4, 7, 8, 2, 9, 10], 34.80843713347603)]
[([0, 10, 10, 10, 0, 10, 0, 10, 0, 0], 4.344975542852593), ([1, 7, 5, 3, 6, 4, 2, 8, 9, 10], 4.344975542852593)]
[([0, 0, 0, 0, 0, 0, 0, 0, 0, 10], 35.38447092289096), ([1, 2, 9, 3, 5, 6, 4, 7, 8, 10], 35.38447092289096)]
[([0, 10, 0, 10, 0, 10, 0, 0, 0, 0], 4.559676852767468), ([1, 6, 5, 3, 9, 2, 4, 7, 8, 10], 4.559676852767468)]
[([0, 0, 0, 0, 0, 0, 0, 0, 0, 10], 33.8338184018736), ([1, 2, 3, 5, 6, 7, 4, 8, 9, 10], 33.8338184018736)]
[([0, 10, 0, 10, 0, 10, 0, 10, 0, 10], 4.577977375276792), ([1, 6, 5, 3, 2, 9, 8, 4, 7, 10], 4.577977375276792)]
[([0, 0, 0, 0, 0, 0, 0, 0, 0, 10], 34.95213264066447), ([1, 9, 2, 8, 7, 4, 3, 5, 6, 10], 34.95213264066447)]
[([0, 10, 0, 10, 0, 0, 0, 10, 10, 0], 4.654782110420186), ([1, 4, 7, 6, 5, 3, 8, 2, 9, 10], 4.654782110420186)]
[([0, 10, 10, 0, 0, 0, 0, 0, 10, 0], 4.9405185486539835), ([1, 3, 5, 6, 7, 4, 8, 2, 9, 10], 4.9405185486539835)]
[([0, 10, 10, 0, 0, 0, 0, 10, 10, 10], 4.359737738653591), ([1, 7, 5, 3, 9, 2, 8, 4, 6, 10], 4.359737738653591)]
[([0, 0, 0, 0, 0, 0, 0, 0, 0, 10], 34.49246732520708), ([1, 4, 7, 9, 2, 8, 6, 5, 3, 10], 34.49246732520708)]
[([0, 10, 10, 0, 0, 0, 0, 10, 10, 10], 4.5345008464687835), ([1, 3, 5, 6, 4, 9, 2, 8, 7, 10], 4.5345008464687835)]
[([0, 10, 10, 10, 0, 10, 0, 10, 10, 0], 4.704377089714583), ([1, 9, 3, 5, 6, 4, 7, 8, 2, 10], 4.704377089714583)]
[([0, 0, 0, 0, 0, 0, 0, 0, 0, 10], 34.840160358112094), ([1, 8, 7, 4, 2, 9, 3, 5, 6, 10], 34.840160358112094)]
[([0, 0, 0, 0, 0, 0, 0, 0, 0, 10], 32.755054454851845), ([1, 6, 5, 3, 8, 2, 9, 4, 7, 10], 32.755054454851845)]
[([0, 0, 0, 0, 0, 0, 0, 0, 0, 10], 35.38447092289096), ([1, 2, 9, 3, 5, 6, 4, 7, 8, 10], 35.38447092289096)]
[([0, 0, 0, 0, 0, 0, 0, 0, 0, 10], 31.364146524471558), ([1, 9, 2, 5, 3, 6, 4, 8, 7, 10], 31.364146524471558)]
[([0, 10, 10, 0, 0, 10, 0, 10, 0, 0], 4.842062386831131), ([1, 8, 2, 9, 3, 5, 6, 4, 7, 10], 4.842062386831131)]
[([0, 10, 10, 10, 0, 10, 0, 10, 0, 10], 4.680354921157444), ([1, 5, 3, 6, 7, 4, 8, 2, 9, 10], 4.680354921157444)]
[([0, 0, 0, 0, 0, 0, 0, 0, 0, 10], 38.111419895182685), ([1, 3, 5, 6, 4, 7, 8, 2, 9, 10], 38.111419895182685)]
[([0, 0, 0, 0, 0, 0, 0, 0, 0, 10], 35.52196611286956), ([1, 7, 8, 4, 6, 5, 3, 9, 2, 10], 35.52196611286956)]
[([0, 10, 10, 10, 0, 10, 0, 0, 0, 0], 4.416855892918284), ([1, 7, 2, 3, 5, 6, 4, 8, 9, 10], 4.416855892918284)]
[([0, 10, 10, 0, 0, 0, 0, 10, 10, 10], 4.973188870419861), ([1, 3, 5, 6, 4, 7, 8, 2, 9, 10], 4.973188870419861)]
[([0, 0, 0, 0, 0, 0, 0, 0, 0, 10], 32.35517622116426), ([1, 3, 5, 6, 4, 2, 8, 9, 7, 10], 32.35517622116426)]
[([0, 10, 10, 10, 0, 10, 0, 0, 10, 0], 4.72646997689665), ([1, 9, 2, 8, 7, 4, 6, 3, 5, 10], 4.72646997689665)]
[([0, 10, 10, 10, 0, 10, 0, 10, 0, 10], 4.316565665764308), ([1, 7, 8, 2, 9, 4, 5, 3, 6, 10], 4.316565665764308)]
[([0, 0, 0, 0, 0, 0, 0, 0, 0, 10], 37.103720499917614), ([1, 7, 4, 6, 5, 3, 9, 2, 8, 10], 37.103720499917614)]
[([0, 0, 0, 0, 0, 0, 0, 0, 0, 10], 32.84032213577714), ([1, 9, 3, 5, 6, 2, 8, 4, 7, 10], 32.84032213577714)]
[([0, 0, 0, 0, 0, 0, 0, 0, 0, 10], 37.799671291718326), ([1, 3, 5, 6, 7, 4, 8, 2, 9, 10], 37.799671291718326)]

