Fri Apr 29 09:13:19 2016
[([0, 0, 6], 19.148799938432862), ([1, 7, 2, 3, 5, 4, 10, 9, 8, 6], 19.148799938432862)]
[([0, 0, 9], 17.320069797421098), ([1, 7, 2, 5, 3, 4, 10, 6, 9, 8], 17.320069797421098)]
[([0, 0, 10], 18.207446053621766), ([1, 8, 7, 2, 3, 5, 4, 9, 6, 10], 18.207446053621766)]
[([0, 0, 9], 18.701983260040596), ([1, 7, 2, 3, 5, 4, 8, 6, 10, 9], 18.701983260040596)]
[([0, 0, 9], 19.500697251014287), ([1, 7, 2, 3, 5, 4, 10, 6, 9, 8], 19.500697251014287)]
[([0, 0, 6], 18.248982929970538), ([1, 10, 4, 5, 3, 2, 7, 8, 9, 6], 18.248982929970538)]
[([0, 0, 9], 17.925007240195896), ([1, 7, 2, 5, 3, 4, 10, 8, 6, 9], 17.925007240195896)]
[([0, 0, 9], 16.813431179272232), ([1, 7, 10, 5, 3, 2, 4, 6, 8, 9], 16.813431179272232)]
[([0, 0, 6], 19.228598039835013), ([1, 7, 2, 3, 5, 4, 10, 8, 9, 6], 19.228598039835013)]
[([0, 0, 6], 19.228598039835013), ([1, 7, 2, 3, 5, 4, 10, 8, 9, 6], 19.228598039835013)]
[([0, 0, 9], 17.840258477930814), ([1, 7, 10, 4, 5, 3, 2, 8, 6, 9], 17.840258477930814)]
[([0, 0, 9], 19.106552986641223), ([1, 8, 4, 5, 3, 2, 7, 10, 6, 9], 19.106552986641223)]
[([0, 0, 9], 20.122449012339164), ([1, 7, 2, 3, 5, 4, 10, 8, 6, 9], 20.122449012339164)]
[([0, 0, 9], 19.384757652722126), ([1, 8, 10, 7, 2, 3, 5, 4, 6, 9], 19.384757652722126)]
[([0, 0, 9], 20.018222914504538), ([1, 8, 7, 2, 3, 5, 4, 10, 6, 9], 20.018222914504538)]
[([0, 0, 9], 20.018222914504538), ([1, 8, 7, 2, 3, 5, 4, 10, 6, 9], 20.018222914504538)]
[([0, 0, 9], 20.122449012339164), ([1, 7, 2, 3, 5, 4, 10, 8, 6, 9], 20.122449012339164)]
[([0, 0, 10], 18.62461486137479), ([1, 7, 2, 3, 5, 4, 8, 9, 6, 10], 18.62461486137479)]
[([0, 0, 9], 20.018222914504538), ([1, 8, 7, 2, 3, 5, 4, 10, 6, 9], 20.018222914504538)]
[([0, 0, 9], 18.01361760102475), ([1, 8, 4, 5, 2, 3, 7, 10, 6, 9], 18.01361760102475)]
[([0, 0, 9], 20.122449012339164), ([1, 7, 2, 3, 5, 4, 10, 8, 6, 9], 20.122449012339164)]
[([0, 0, 10], 18.894622032314466), ([1, 7, 2, 3, 5, 4, 6, 9, 8, 10], 18.894622032314466)]
[([0, 0, 9], 20.53455548405345), ([1, 7, 2, 3, 5, 4, 10, 6, 8, 9], 20.53455548405345)]
[([0, 0, 9], 17.887297675852114), ([1, 8, 4, 5, 3, 2, 7, 6, 10, 9], 17.887297675852114)]
[([0, 0, 9], 19.106552986641223), ([1, 8, 4, 5, 3, 2, 7, 10, 6, 9], 19.106552986641223)]
[([0, 0, 9], 18.913876821522937), ([1, 7, 3, 2, 5, 4, 10, 8, 6, 9], 18.913876821522937)]
[([0, 0, 9], 18.439700679999106), ([1, 4, 5, 3, 2, 7, 10, 6, 8, 9], 18.439700679999106)]
[([0, 0, 9], 20.53455548405345), ([1, 7, 2, 3, 5, 4, 10, 6, 8, 9], 20.53455548405345)]
[([0, 0, 6], 18.501015573020567), ([1, 8, 9, 7, 2, 3, 5, 4, 10, 6], 18.501015573020567)]
[([0, 0, 9], 20.018222914504538), ([1, 8, 7, 2, 3, 5, 4, 10, 6, 9], 20.018222914504538)]

