Fri Apr 29 02:28:22 2016
[([0, 0, 8], 13.632774409873853), ([1, 6, 7, 2, 4, 9, 10, 5, 3, 8], 13.632774409873853)]
[([0, 0, 8], 14.047697273856976), ([1, 3, 5, 10, 4, 2, 9, 7, 6, 8], 14.047697273856976)]
[([0, 0, 8], 13.320228979699676), ([1, 5, 3, 10, 4, 2, 9, 7, 6, 8], 13.320228979699676)]
[([0, 0, 8], 14.22889213718668), ([1, 6, 2, 4, 9, 7, 10, 5, 3, 8], 14.22889213718668)]
[([0, 0, 8], 13.534909053335152), ([1, 5, 3, 7, 10, 9, 4, 2, 6, 8], 13.534909053335152)]
[([0, 0, 8], 13.235583742592313), ([1, 5, 10, 4, 2, 6, 7, 9, 3, 8], 13.235583742592313)]
[([0, 0, 8], 12.439665803176435), ([1, 6, 9, 7, 2, 4, 5, 10, 3, 8], 12.439665803176435)]
[([0, 0, 8], 13.241963185235472), ([1, 5, 10, 7, 9, 4, 2, 6, 3, 8], 13.241963185235472)]
[([0, 0, 8], 13.48114413612716), ([1, 6, 7, 4, 2, 9, 10, 5, 3, 8], 13.48114413612716)]
[([0, 0, 8], 13.109869146352349), ([1, 5, 10, 9, 2, 4, 6, 7, 3, 8], 13.109869146352349)]
[([0, 0, 8], 13.620222753772866), ([1, 3, 5, 10, 9, 2, 4, 7, 6, 8], 13.620222753772866)]
[([0, 0, 8], 12.686674489741286), ([1, 6, 2, 9, 7, 3, 4, 10, 5, 8], 12.686674489741286)]
[([0, 0, 8], 13.512085766016181), ([1, 6, 2, 4, 10, 9, 7, 3, 5, 8], 13.512085766016181)]
[([0, 0, 8], 13.888088202654357), ([1, 6, 2, 4, 7, 9, 10, 5, 3, 8], 13.888088202654357)]
[([0, 0, 8], 13.775015723510537), ([1, 3, 5, 10, 9, 4, 2, 7, 6, 8], 13.775015723510537)]
[([0, 0, 8], 14.047697273856976), ([1, 3, 5, 10, 4, 2, 9, 7, 6, 8], 14.047697273856976)]
[([0, 0, 8], 12.987104872013436), ([1, 7, 6, 4, 2, 9, 10, 5, 3, 8], 12.987104872013436)]
[([0, 0, 8], 13.632774409873853), ([1, 6, 7, 2, 4, 9, 10, 5, 3, 8], 13.632774409873853)]
[([0, 0, 8], 13.453480323261415), ([1, 6, 2, 4, 9, 10, 5, 7, 3, 8], 13.453480323261415)]
[([0, 0, 8], 13.539991369495555), ([1, 6, 7, 9, 4, 2, 10, 5, 3, 8], 13.539991369495555)]
[([0, 0, 8], 13.911194158276285), ([1, 3, 5, 10, 4, 9, 7, 2, 6, 8], 13.911194158276285)]
[([0, 0, 8], 13.50607578441526), ([1, 5, 10, 4, 2, 6, 9, 7, 3, 8], 13.50607578441526)]
[([0, 0, 8], 13.310088125762958), ([1, 5, 10, 7, 3, 9, 4, 2, 6, 8], 13.310088125762958)]
[([0, 0, 8], 13.617008102463329), ([1, 3, 5, 10, 4, 2, 7, 9, 6, 8], 13.617008102463329)]
[([0, 0, 8], 13.375815878281387), ([1, 7, 9, 6, 2, 4, 10, 5, 3, 8], 13.375815878281387)]
[([0, 0, 8], 13.084893553674418), ([1, 3, 10, 5, 9, 7, 4, 2, 6, 8], 13.084893553674418)]
[([0, 0, 8], 13.899799014328195), ([1, 6, 7, 9, 2, 4, 10, 5, 3, 8], 13.899799014328195)]
[([0, 0, 8], 12.60160379891035), ([1, 6, 7, 4, 2, 9, 5, 10, 3, 8], 12.60160379891035)]
[([0, 0, 8], 13.528244300622939), ([1, 7, 6, 2, 4, 9, 10, 5, 3, 8], 13.528244300622939)]
[([0, 0, 8], 13.233155095254634), ([1, 5, 10, 4, 6, 2, 9, 7, 3, 8], 13.233155095254634)]

