Thu Apr 28 21:58:52 2016
[([0, 0, 6], 14.999713701470334), ([1, 5, 8, 10, 2, 7, 4, 3, 6, 9], 14.999713701470334)]
[([0, 0, 6], 13.771083526431218), ([1, 5, 3, 4, 7, 10, 2, 8, 9, 6], 13.771083526431218)]
[([0, 0, 6], 15.248781756769334), ([1, 5, 8, 2, 10, 7, 4, 3, 6, 9], 15.248781756769334)]
[([0, 0, 6], 13.877435778419125), ([1, 5, 2, 10, 4, 7, 3, 8, 6, 9], 13.877435778419125)]
[([0, 0, 6], 14.393018695227845), ([1, 5, 9, 8, 2, 10, 4, 7, 3, 6], 14.393018695227845)]
[([0, 0, 6], 13.849807704465272), ([1, 8, 5, 2, 10, 4, 7, 3, 6, 9], 13.849807704465272)]
[([0, 0, 6], 13.249906648347299), ([1, 5, 9, 8, 10, 2, 3, 7, 4, 6], 13.249906648347299)]
[([0, 0, 6], 14.516080381685338), ([1, 5, 8, 2, 10, 4, 3, 7, 6, 9], 14.516080381685338)]
[([0, 0, 6], 12.795591661379788), ([1, 5, 8, 7, 4, 10, 2, 3, 6, 9], 12.795591661379788)]
[([0, 0, 6], 14.027312866671036), ([1, 5, 2, 10, 8, 3, 4, 7, 6, 9], 14.027312866671036)]
[([0, 0, 6], 15.618329650500696), ([1, 5, 8, 2, 10, 4, 7, 3, 6, 9], 15.618329650500696)]
[([0, 0, 6], 15.618329650500696), ([1, 5, 8, 2, 10, 4, 7, 3, 6, 9], 15.618329650500696)]
[([0, 0, 6], 12.259901299494684), ([1, 9, 7, 4, 3, 2, 10, 5, 8, 6], 12.259901299494684)]
[([0, 0, 6], 14.6015241463856), ([1, 5, 8, 10, 2, 7, 4, 3, 9, 6], 14.6015241463856)]
[([0, 0, 6], 14.15637616936151), ([1, 5, 9, 3, 7, 4, 10, 2, 8, 6], 14.15637616936151)]
[([0, 0, 6], 14.6015241463856), ([1, 5, 8, 10, 2, 7, 4, 3, 9, 6], 14.6015241463856)]
[([0, 0, 6], 15.248781756769334), ([1, 5, 8, 2, 10, 7, 4, 3, 6, 9], 15.248781756769334)]
[([0, 0, 6], 14.090019103006734), ([1, 5, 10, 2, 8, 9, 3, 4, 7, 6], 14.090019103006734)]
[([0, 0, 6], 14.999713701470334), ([1, 5, 8, 10, 2, 7, 4, 3, 6, 9], 14.999713701470334)]
[([0, 0, 6], 15.248781756769334), ([1, 5, 8, 2, 10, 7, 4, 3, 6, 9], 15.248781756769334)]
[([0, 0, 6], 14.257297771011382), ([1, 5, 10, 2, 8, 4, 7, 3, 6, 9], 14.257297771011382)]
[([0, 0, 6], 13.148075299881373), ([1, 5, 8, 7, 4, 3, 2, 10, 6, 9], 13.148075299881373)]
[([0, 0, 6], 15.618329650500696), ([1, 5, 8, 2, 10, 4, 7, 3, 6, 9], 15.618329650500696)]
[([0, 0, 6], 14.202671367875363), ([1, 5, 3, 7, 4, 10, 2, 8, 6, 9], 14.202671367875363)]
[([0, 0, 6], 15.248781756769334), ([1, 5, 8, 2, 10, 7, 4, 3, 6, 9], 15.248781756769334)]
[([0, 0, 6], 14.15637616936151), ([1, 5, 9, 3, 7, 4, 10, 2, 8, 6], 14.15637616936151)]
[([0, 0, 6], 14.011058520638727), ([1, 5, 8, 3, 7, 4, 10, 2, 6, 9], 14.011058520638727)]
[([0, 0, 6], 15.248781756769334), ([1, 5, 8, 2, 10, 7, 4, 3, 6, 9], 15.248781756769334)]
[([0, 0, 6], 13.852194054190498), ([1, 5, 9, 3, 4, 7, 10, 2, 8, 6], 13.852194054190498)]
[([0, 0, 6], 13.712930887853775), ([1, 5, 8, 3, 4, 7, 10, 2, 6, 9], 13.712930887853775)]

