Fri Apr 29 05:12:41 2016
[([0, 0, 9], 6.731180048086918), ([1, 3, 10, 2, 8, 7, 5, 6, 4, 9], 6.731180048086918)]
[([0, 0, 9], 6.9591189966000435), ([1, 3, 5, 6, 8, 7, 2, 10, 4, 9], 6.9591189966000435)]
[([0, 0, 9], 7.286258558345658), ([1, 3, 6, 8, 5, 7, 2, 10, 4, 9], 7.286258558345658)]
[([0, 0, 4], 7.224057347517468), ([1, 6, 5, 8, 7, 2, 10, 3, 9, 4], 7.224057347517468)]
[([0, 0, 4], 6.909505263605649), ([1, 6, 8, 5, 7, 2, 10, 3, 9, 4], 6.909505263605649)]
[([0, 0, 9], 6.790565323240682), ([1, 4, 3, 10, 2, 7, 5, 8, 6, 9], 6.790565323240682)]
[([0, 0, 4], 7.22922995899445), ([1, 9, 10, 2, 7, 8, 5, 6, 3, 4], 7.22922995899445)]
[([0, 0, 9], 6.895803118903596), ([1, 4, 10, 2, 7, 8, 6, 5, 3, 9], 6.895803118903596)]
[([0, 0, 9], 7.55270766109431), ([1, 4, 10, 2, 7, 8, 5, 6, 3, 9], 7.55270766109431)]
[([0, 0, 9], 7.293763547439507), ([1, 6, 5, 8, 7, 2, 10, 3, 4, 9], 7.293763547439507)]
[([0, 0, 9], 6.89561125936917), ([1, 6, 8, 5, 7, 2, 3, 10, 4, 9], 6.89561125936917)]
[([0, 0, 4], 7.415511858470213), ([1, 3, 6, 5, 8, 7, 2, 10, 9, 4], 7.415511858470213)]
[([0, 0, 9], 7.304727107872366), ([1, 10, 2, 7, 8, 5, 6, 3, 4, 9], 7.304727107872366)]
[([0, 0, 9], 7.286258558345658), ([1, 3, 6, 8, 5, 7, 2, 10, 4, 9], 7.286258558345658)]
[([0, 0, 9], 7.628727738226811), ([1, 3, 6, 5, 8, 7, 2, 10, 4, 9], 7.628727738226811)]
[([0, 0, 9], 6.8802970103008665), ([1, 10, 3, 2, 7, 8, 5, 6, 4, 9], 6.8802970103008665)]
[([0, 0, 9], 7.304727107872366), ([1, 10, 2, 7, 8, 5, 6, 3, 4, 9], 7.304727107872366)]
[([0, 0, 9], 6.595753691490215), ([1, 4, 10, 2, 5, 8, 7, 6, 3, 9], 6.595753691490215)]
[([0, 0, 9], 7.293763547439507), ([1, 6, 5, 8, 7, 2, 10, 3, 4, 9], 7.293763547439507)]
[([0, 0, 9], 7.293763547439507), ([1, 6, 5, 8, 7, 2, 10, 3, 4, 9], 7.293763547439507)]
[([0, 0, 9], 6.309302540497646), ([1, 3, 7, 2, 8, 5, 6, 10, 4, 9], 6.309302540497646)]
[([0, 0, 4], 6.511947790112328), ([1, 10, 6, 5, 8, 7, 2, 3, 9, 4], 6.511947790112328)]
[([0, 0, 9], 6.731180048086918), ([1, 3, 10, 2, 8, 7, 5, 6, 4, 9], 6.731180048086918)]
[([0, 0, 9], 6.8627695016988906), ([1, 3, 8, 5, 6, 7, 2, 10, 4, 9], 6.8627695016988906)]
[([0, 0, 9], 6.99387832399514), ([1, 6, 5, 8, 7, 2, 10, 4, 3, 9], 6.99387832399514)]
[([0, 0, 4], 6.43533327242427), ([1, 9, 3, 6, 7, 8, 5, 2, 10, 4], 6.43533327242427)]
[([0, 0, 4], 7.22922995899445), ([1, 9, 10, 2, 7, 8, 5, 6, 3, 4], 7.22922995899445)]
[([0, 0, 4], 6.794422224709037), ([1, 3, 9, 6, 5, 8, 7, 2, 10, 4], 6.794422224709037)]
[([0, 0, 9], 7.201571391755148), ([1, 6, 5, 8, 7, 2, 3, 10, 4, 9], 7.201571391755148)]
[([0, 0, 9], 7.286258558345658), ([1, 3, 6, 8, 5, 7, 2, 10, 4, 9], 7.286258558345658)]

