Fri Apr 29 09:39:41 2016
[([0, 2, 0], 43.73234130093564), ([1, 8, 5, 4, 9, 7, 10, 3, 6, 2], 43.73234130093564)]
[([0, 2, 0], 47.85780248420361), ([1, 4, 8, 5, 10, 9, 7, 3, 6, 2], 47.85780248420361)]
[([0, 2, 0], 45.10932593396206), ([1, 4, 3, 7, 9, 10, 8, 5, 6, 2], 45.10932593396206)]
[([0, 2, 2], 47.88067231314694), ([1, 4, 5, 8, 10, 7, 9, 3, 6, 2], 47.88067231314694)]
[([0, 2, 2], 43.68824532124609), ([1, 6, 9, 10, 7, 3, 4, 8, 5, 2], 43.68824532124609)]
[([0, 2, 2], 43.58727976675364), ([1, 6, 4, 7, 3, 9, 10, 8, 5, 2], 43.58727976675364)]
[([0, 2, 0], 43.542293018812025), ([1, 7, 9, 10, 8, 5, 4, 6, 3, 2], 43.542293018812025)]
[([0, 2, 2], 47.50468559578464), ([1, 5, 8, 4, 10, 7, 9, 3, 6, 2], 47.50468559578464)]
[([0, 2, 2], 47.190056124237), ([1, 6, 3, 4, 7, 9, 10, 8, 5, 2], 47.190056124237)]
[([0, 2, 0], 48.04425468181818), ([1, 6, 3, 4, 9, 7, 10, 8, 5, 2], 48.04425468181818)]
[([0, 2, 2], 45.87741607992468), ([1, 6, 3, 10, 9, 7, 4, 8, 5, 2], 45.87741607992468)]
[([0, 2, 2], 43.30119426123621), ([1, 5, 8, 4, 3, 7, 9, 10, 6, 2], 43.30119426123621)]
[([0, 2, 0], 45.34280921700941), ([1, 6, 5, 8, 10, 7, 9, 4, 3, 2], 45.34280921700941)]
[([0, 2, 2], 46.689786987292514), ([1, 6, 8, 5, 4, 10, 7, 9, 3, 2], 46.689786987292514)]
[([0, 2, 0], 47.90356401017063), ([1, 6, 4, 3, 7, 9, 10, 8, 5, 2], 47.90356401017063)]
[([0, 2, 0], 45.14997998412487), ([1, 6, 3, 4, 8, 5, 10, 7, 9, 2], 45.14997998412487)]
[([0, 2, 0], 45.68653189947162), ([1, 3, 4, 9, 7, 10, 8, 5, 6, 2], 45.68653189947162)]
[([0, 2, 0], 47.88067231314694), ([1, 4, 5, 8, 10, 7, 9, 3, 6, 2], 47.88067231314694)]
[([0, 2, 2], 48.93144088737121), ([1, 6, 3, 9, 7, 10, 4, 5, 8, 2], 48.93144088737121)]
[([0, 2, 2], 44.879491237646086), ([1, 5, 8, 10, 4, 7, 9, 3, 6, 2], 44.879491237646086)]
[([0, 2, 2], 48.32958683244449), ([1, 6, 3, 7, 9, 4, 10, 8, 5, 2], 48.32958683244449)]
[([0, 2, 2], 50.41165300671377), ([1, 6, 3, 7, 9, 10, 4, 8, 5, 2], 50.41165300671377)]
[([0, 2, 2], 44.992852298414824), ([1, 3, 9, 7, 4, 10, 8, 5, 6, 2], 44.992852298414824)]
[([0, 2, 0], 48.00253571172694), ([1, 6, 4, 5, 8, 10, 7, 9, 3, 2], 48.00253571172694)]
[([0, 2, 0], 41.73430674904126), ([1, 9, 7, 3, 6, 10, 4, 8, 5, 2], 41.73430674904126)]
[([0, 2, 0], 47.694066217328675), ([1, 5, 8, 4, 10, 9, 7, 3, 6, 2], 47.694066217328675)]
[([0, 2, 0], 48.584439667835), ([1, 3, 7, 9, 10, 8, 5, 4, 6, 2], 48.584439667835)]
[([0, 2, 0], 48.00253571172694), ([1, 6, 4, 5, 8, 10, 7, 9, 3, 2], 48.00253571172694)]
[([0, 2, 0], 44.915956262503826), ([1, 6, 7, 9, 10, 5, 8, 4, 3, 2], 44.915956262503826)]
[([0, 2, 0], 48.07306866128591), ([1, 4, 5, 8, 10, 9, 7, 3, 6, 2], 48.07306866128591)]

