Fri Apr 29 04:44:58 2016
[([10, 0, 0], 0.20926489366713055), ([1, 4, 7, 2, 6, 3, 8, 5, 9, 10], 0.20926489366713055)]
[([10, 0, 10], 0.2035928587407762), ([1, 7, 4, 2, 3, 5, 8, 6, 9, 10], 0.2035928587407762)]
[([10, 0, 0], 0.2118175637916543), ([1, 4, 7, 2, 3, 6, 8, 5, 9, 10], 0.2118175637916543)]
[([10, 0, 10], 0.2066716815342293), ([1, 7, 2, 4, 5, 8, 6, 3, 9, 10], 0.2066716815342293)]
[([10, 0, 0], 0.20508081699754138), ([1, 5, 8, 6, 3, 2, 7, 4, 9, 10], 0.20508081699754138)]
[([10, 0, 0], 0.2031696878115028), ([1, 9, 4, 7, 2, 3, 5, 8, 6, 10], 0.2031696878115028)]
[([10, 0, 0], 0.20751140872975554), ([1, 4, 7, 2, 6, 3, 5, 8, 9, 10], 0.20751140872975554)]
[([10, 0, 10], 0.20806427325068097), ([1, 7, 2, 4, 3, 6, 5, 8, 9, 10], 0.20806427325068097)]
[([10, 0, 10], 0.20542618622310443), ([1, 9, 6, 8, 5, 3, 4, 2, 7, 10], 0.20542618622310443)]
[([10, 0, 10], 0.21324979744170333), ([1, 2, 7, 4, 3, 6, 8, 5, 9, 10], 0.21324979744170333)]
[([10, 0, 10], 0.20567522929824641), ([1, 9, 6, 8, 5, 3, 7, 2, 4, 10], 0.20567522929824641)]
[([10, 0, 10], 0.21092461065964613), ([1, 9, 5, 8, 6, 3, 7, 2, 4, 10], 0.21092461065964613)]
[([10, 0, 0], 0.2118175637916543), ([1, 4, 7, 2, 3, 6, 8, 5, 9, 10], 0.2118175637916543)]
[([10, 0, 0], 0.21324979744170333), ([1, 2, 7, 4, 3, 6, 8, 5, 9, 10], 0.21324979744170333)]
[([10, 0, 0], 0.20651553049670568), ([1, 2, 7, 4, 9, 5, 8, 3, 6, 10], 0.20651553049670568)]
[([10, 0, 10], 0.2057698519466061), ([1, 2, 7, 4, 9, 3, 6, 5, 8, 10], 0.2057698519466061)]
[([10, 0, 0], 0.2118175637916543), ([1, 4, 7, 2, 3, 6, 8, 5, 9, 10], 0.2118175637916543)]
[([10, 0, 10], 0.20386844404107865), ([1, 9, 4, 7, 2, 6, 3, 8, 5, 10], 0.20386844404107865)]
[([10, 0, 0], 0.20333482318436755), ([1, 2, 7, 4, 8, 6, 3, 5, 9, 10], 0.20333482318436755)]
[([10, 0, 10], 0.21156859526589725), ([1, 9, 5, 8, 3, 6, 2, 7, 4, 10], 0.21156859526589725)]
[([10, 0, 10], 0.20651553049670568), ([1, 2, 7, 4, 9, 5, 8, 3, 6, 10], 0.20651553049670568)]
[([10, 0, 10], 0.20810240927346893), ([1, 2, 7, 4, 8, 5, 6, 3, 9, 10], 0.20810240927346893)]
[([10, 0, 10], 0.20342730415306873), ([1, 2, 7, 4, 3, 5, 6, 8, 9, 10], 0.20342730415306873)]
[([10, 0, 10], 0.21093063923015443), ([1, 2, 7, 4, 3, 6, 5, 8, 9, 10], 0.21093063923015443)]
[([10, 0, 10], 0.20949954551445718), ([1, 2, 7, 4, 5, 8, 6, 3, 9, 10], 0.20949954551445718)]
[([10, 0, 10], 0.20812881932583233), ([1, 7, 2, 3, 6, 8, 5, 9, 4, 10], 0.20812881932583233)]
[([10, 0, 10], 0.20979732890040295), ([1, 2, 7, 4, 9, 5, 8, 6, 3, 10], 0.20979732890040295)]
[([10, 0, 10], 0.2072026206605), ([1, 2, 7, 9, 5, 8, 6, 3, 4, 10], 0.2072026206605)]
[([10, 0, 0], 0.20990473825860112), ([1, 2, 7, 4, 6, 3, 8, 5, 9, 10], 0.20990473825860112)]
[([10, 0, 0], 0.20542618622310443), ([1, 9, 6, 8, 5, 3, 4, 2, 7, 10], 0.20542618622310443)]

