Fri Apr 29 02:01:02 2016
[([0, 2, 0], 9.822897848394375), ([1, 10, 8, 4, 3, 9, 5, 6, 7, 2], 9.822897848394375)]
[([0, 6, 6], 10.427000835730473), ([1, 2, 9, 3, 5, 4, 8, 10, 7, 6], 10.427000835730473)]
[([0, 2, 0], 10.4851640552754), ([1, 9, 3, 5, 4, 8, 10, 7, 6, 2], 10.4851640552754)]
[([0, 2, 0], 11.02986732435393), ([1, 5, 9, 3, 4, 8, 10, 6, 7, 2], 11.02986732435393)]
[([0, 2, 0], 9.790816201452563), ([1, 4, 9, 5, 3, 8, 10, 6, 7, 2], 9.790816201452563)]
[([0, 6, 6], 8.913874610953002), ([1, 2, 4, 5, 9, 3, 8, 10, 7, 6], 8.913874610953002)]
[([0, 2, 0], 10.4851640552754), ([1, 9, 3, 5, 4, 8, 10, 7, 6, 2], 10.4851640552754)]
[([0, 6, 6], 8.757602488680732), ([1, 2, 4, 5, 3, 9, 8, 10, 7, 6], 8.757602488680732)]
[([0, 6, 6], 9.173527083765299), ([1, 2, 9, 3, 5, 8, 4, 10, 7, 6], 9.173527083765299)]
[([0, 2, 0], 9.256993628562995), ([1, 5, 3, 4, 10, 8, 6, 7, 9, 2], 9.256993628562995)]
[([0, 2, 0], 9.46663762828037), ([1, 7, 3, 9, 5, 4, 10, 8, 6, 2], 9.46663762828037)]
[([0, 6, 0], 9.095198691951788), ([1, 2, 9, 5, 3, 4, 7, 10, 8, 6], 9.095198691951788)]
[([0, 6, 6], 10.6955163628534), ([1, 2, 5, 9, 3, 4, 8, 10, 7, 6], 10.6955163628534)]
[([0, 2, 0], 10.780626201517352), ([1, 3, 5, 9, 4, 10, 8, 6, 7, 2], 10.780626201517352)]
[([0, 2, 0], 10.374679036442632), ([1, 7, 8, 10, 6, 4, 3, 9, 5, 2], 10.374679036442632)]
[([0, 2, 0], 10.615391474449767), ([1, 7, 6, 10, 4, 8, 5, 3, 9, 2], 10.615391474449767)]
[([0, 2, 0], 10.129548354301841), ([1, 7, 6, 9, 5, 3, 4, 8, 10, 2], 10.129548354301841)]
[([0, 2, 0], 10.885798193294084), ([1, 9, 5, 3, 4, 8, 10, 7, 6, 2], 10.885798193294084)]
[([0, 2, 0], 9.410750232594705), ([1, 7, 10, 8, 4, 5, 9, 3, 6, 2], 9.410750232594705)]
[([0, 2, 0], 9.957795984118954), ([1, 8, 10, 4, 3, 9, 5, 6, 7, 2], 9.957795984118954)]
[([0, 2, 0], 9.673634901868793), ([1, 6, 7, 10, 9, 5, 3, 4, 8, 2], 9.673634901868793)]
[([0, 2, 0], 9.803480127667033), ([1, 7, 6, 10, 3, 5, 9, 4, 8, 2], 9.803480127667033)]
[([0, 6, 6], 10.853536229315875), ([1, 2, 9, 5, 3, 4, 10, 8, 7, 6], 10.853536229315875)]
[([0, 2, 0], 12.031149988638388), ([1, 7, 6, 10, 8, 4, 9, 5, 3, 2], 12.031149988638388)]
[([0, 2, 0], 10.885798193294084), ([1, 9, 5, 3, 4, 8, 10, 7, 6, 2], 10.885798193294084)]
[([0, 6, 0], 8.93190130313841), ([1, 2, 4, 9, 5, 3, 8, 10, 7, 6], 8.93190130313841)]
[([0, 2, 0], 9.028750569770072), ([1, 7, 4, 10, 6, 8, 9, 3, 5, 2], 9.028750569770072)]
[([0, 2, 0], 12.466118323834866), ([1, 7, 6, 10, 8, 4, 3, 9, 5, 2], 12.466118323834866)]
[([0, 2, 0], 9.232102203485235), ([1, 7, 10, 5, 9, 3, 4, 8, 6, 2], 9.232102203485235)]
[([0, 2, 0], 11.191191423037536), ([1, 9, 5, 3, 4, 10, 8, 6, 7, 2], 11.191191423037536)]

