Thu Apr 28 23:19:18 2016
[([0, 0, 9], 15.292594839582225), ([1, 5, 3, 4, 8, 10, 6, 7, 2, 9], 15.292594839582225)]
[([0, 0, 9], 15.077247568876318), ([1, 2, 3, 5, 4, 8, 6, 7, 10, 9], 15.077247568876318)]
[([0, 0, 9], 15.238183363236848), ([1, 5, 3, 4, 8, 7, 10, 6, 2, 9], 15.238183363236848)]
[([0, 0, 9], 14.884580162316638), ([1, 8, 4, 3, 5, 2, 7, 10, 6, 9], 14.884580162316638)]
[([0, 0, 9], 14.109269224977773), ([1, 5, 2, 8, 4, 3, 7, 6, 10, 9], 14.109269224977773)]
[([0, 0, 9], 15.783676676025934), ([1, 10, 7, 6, 2, 5, 3, 4, 8, 9], 15.783676676025934)]
[([0, 0, 9], 15.292594839582225), ([1, 5, 3, 4, 8, 10, 6, 7, 2, 9], 15.292594839582225)]
[([0, 0, 9], 15.997212736000249), ([1, 2, 5, 3, 4, 8, 10, 6, 7, 9], 15.997212736000249)]
[([0, 0, 9], 16.127611964798295), ([1, 2, 5, 3, 4, 8, 7, 6, 10, 9], 16.127611964798295)]
[([0, 0, 9], 14.863161665521819), ([1, 7, 6, 10, 8, 4, 5, 3, 2, 9], 14.863161665521819)]
[([0, 0, 9], 14.793040528272345), ([1, 2, 4, 3, 5, 8, 6, 7, 10, 9], 14.793040528272345)]
[([0, 0, 9], 15.123997766024043), ([1, 8, 4, 3, 5, 2, 6, 7, 10, 9], 15.123997766024043)]
[([0, 0, 9], 15.12302084671397), ([1, 8, 4, 3, 5, 2, 7, 6, 10, 9], 15.12302084671397)]
[([0, 0, 9], 14.793040528272345), ([1, 2, 4, 3, 5, 8, 6, 7, 10, 9], 14.793040528272345)]
[([0, 0, 9], 15.457505586490601), ([1, 5, 3, 4, 8, 7, 6, 10, 2, 9], 15.457505586490601)]
[([0, 0, 9], 14.382290614763987), ([1, 4, 8, 3, 5, 2, 10, 6, 7, 9], 14.382290614763987)]
[([0, 0, 9], 14.27588494569639), ([1, 3, 4, 8, 7, 6, 10, 2, 5, 9], 14.27588494569639)]
[([0, 0, 9], 15.856724587603718), ([1, 2, 5, 3, 4, 8, 7, 10, 6, 9], 15.856724587603718)]
[([0, 0, 9], 16.127611964798295), ([1, 2, 5, 3, 4, 8, 7, 6, 10, 9], 16.127611964798295)]
[([0, 0, 9], 16.127611964798295), ([1, 2, 5, 3, 4, 8, 7, 6, 10, 9], 16.127611964798295)]
[([0, 0, 9], 14.458378067354875), ([1, 7, 6, 10, 4, 3, 5, 2, 8, 9], 14.458378067354875)]
[([0, 0, 9], 15.167107524068346), ([1, 8, 4, 3, 5, 2, 10, 6, 7, 9], 15.167107524068346)]
[([0, 0, 9], 14.3558341819487), ([1, 5, 4, 3, 2, 10, 6, 7, 8, 9], 14.3558341819487)]
[([0, 0, 9], 16.127611964798295), ([1, 2, 5, 3, 4, 8, 7, 6, 10, 9], 16.127611964798295)]
[([0, 0, 9], 14.569345007954476), ([1, 4, 3, 5, 2, 8, 7, 6, 10, 9], 14.569345007954476)]
[([0, 0, 9], 14.660576465604242), ([1, 10, 2, 5, 3, 4, 8, 6, 7, 9], 14.660576465604242)]
[([0, 0, 9], 15.123997766024043), ([1, 8, 4, 3, 5, 2, 6, 7, 10, 9], 15.123997766024043)]
[([0, 0, 9], 15.167107524068346), ([1, 8, 4, 3, 5, 2, 10, 6, 7, 9], 15.167107524068346)]
[([0, 0, 9], 14.963539327837907), ([1, 2, 8, 4, 3, 5, 10, 7, 6, 9], 14.963539327837907)]
[([0, 0, 9], 15.123997766024043), ([1, 8, 4, 3, 5, 2, 6, 7, 10, 9], 15.123997766024043)]

