Thu Apr 28 22:52:10 2016
[([0, 2, 0], 12.495739959442867), ([1, 7, 4, 5, 6, 3, 10, 9, 8, 2], 12.495739959442867)]
[([0, 2, 0], 12.521301557776132), ([1, 7, 4, 6, 5, 3, 10, 9, 8, 2], 12.521301557776132)]
[([0, 2, 0], 12.334076839312154), ([1, 9, 10, 3, 5, 6, 4, 7, 8, 2], 12.334076839312154)]
[([0, 2, 0], 11.852347323132625), ([1, 7, 8, 9, 5, 6, 4, 3, 10, 2], 11.852347323132625)]
[([0, 2, 0], 12.532152578073461), ([1, 4, 5, 6, 3, 10, 9, 8, 2, 7], 12.532152578073461)]
[([0, 2, 0], 12.521301557776132), ([1, 7, 4, 6, 5, 3, 10, 9, 8, 2], 12.521301557776132)]
[([0, 2, 0], 12.334076839312154), ([1, 9, 10, 3, 5, 6, 4, 7, 8, 2], 12.334076839312154)]
[([0, 2, 0], 12.521301557776132), ([1, 7, 4, 6, 5, 3, 10, 9, 8, 2], 12.521301557776132)]
[([0, 2, 0], 12.103274084551137), ([1, 7, 4, 6, 5, 3, 10, 9, 2, 8], 12.103274084551137)]
[([0, 2, 0], 11.931738068932432), ([1, 4, 6, 5, 10, 3, 8, 9, 2, 7], 11.931738068932432)]
[([0, 2, 0], 12.5586980671832), ([1, 4, 6, 5, 3, 10, 9, 8, 2, 7], 12.5586980671832)]
[([0, 2, 0], 12.5586980671832), ([1, 4, 6, 5, 3, 10, 9, 8, 2, 7], 12.5586980671832)]
[([0, 2, 0], 12.05824144436931), ([1, 9, 8, 7, 4, 6, 5, 3, 10, 2], 12.05824144436931)]
[([0, 2, 0], 11.931738068932432), ([1, 4, 6, 5, 10, 3, 8, 9, 2, 7], 11.931738068932432)]
[([0, 2, 0], 12.05824144436931), ([1, 9, 8, 7, 4, 6, 5, 3, 10, 2], 12.05824144436931)]
[([0, 2, 0], 11.833879595007174), ([1, 4, 7, 10, 3, 6, 5, 9, 2, 8], 11.833879595007174)]
[([0, 2, 0], 12.109476241321943), ([1, 4, 7, 9, 5, 6, 3, 10, 8, 2], 12.109476241321943)]
[([0, 2, 0], 12.053924004601233), ([1, 4, 6, 5, 9, 10, 3, 7, 8, 2], 12.053924004601233)]
[([0, 2, 0], 12.532152578073461), ([1, 4, 5, 6, 3, 10, 9, 8, 2, 7], 12.532152578073461)]
[([0, 2, 0], 12.039644541981824), ([1, 4, 7, 3, 10, 6, 5, 9, 8, 2], 12.039644541981824)]
[([0, 2, 0], 12.179571917436741), ([1, 4, 6, 5, 10, 3, 9, 8, 7, 2], 12.179571917436741)]
[([0, 2, 0], 12.109476241321943), ([1, 4, 7, 9, 5, 6, 3, 10, 8, 2], 12.109476241321943)]
[([0, 2, 0], 12.144195368900995), ([1, 4, 6, 5, 3, 10, 8, 9, 2, 7], 12.144195368900995)]
[([0, 2, 0], 11.723112689671124), ([1, 4, 7, 3, 10, 5, 6, 9, 8, 2], 11.723112689671124)]
[([0, 2, 0], 11.558840415705133), ([1, 7, 4, 6, 5, 3, 9, 8, 10, 2], 11.558840415705133)]
[([0, 2, 0], 12.5586980671832), ([1, 4, 6, 5, 3, 10, 9, 8, 2, 7], 12.5586980671832)]
[([0, 2, 0], 12.07880757563472), ([1, 7, 4, 5, 6, 3, 10, 9, 2, 8], 12.07880757563472)]
[([0, 2, 0], 12.334076839312154), ([1, 9, 10, 3, 5, 6, 4, 7, 8, 2], 12.334076839312154)]
[([0, 2, 0], 12.259764987519874), ([1, 4, 6, 5, 10, 3, 9, 8, 2, 7], 12.259764987519874)]
[([0, 2, 0], 12.127197437954823), ([1, 4, 6, 5, 3, 10, 7, 9, 8, 2], 12.127197437954823)]

