Fri Apr 29 06:05:51 2016
[([8, 0, 8], 1.3807945185410795), ([1, 6, 3, 9, 7, 4, 2, 5, 10, 8], 1.3807945185410795)]
[([8, 0, 0], 1.3807945185410795), ([1, 6, 3, 9, 7, 4, 2, 5, 10, 8], 1.3807945185410795)]
[([10, 0, 10], 1.2187712362202456), ([1, 8, 7, 4, 5, 2, 3, 9, 6, 10], 1.2187712362202456)]
[([10, 0, 0], 1.282799615013562), ([1, 8, 5, 7, 4, 2, 3, 9, 6, 10], 1.282799615013562)]
[([8, 0, 0], 1.2733764488288855), ([1, 10, 7, 4, 5, 2, 9, 3, 6, 8], 1.2733764488288855)]
[([8, 0, 0], 1.160036416716893), ([1, 6, 10, 3, 9, 7, 2, 5, 4, 8], 1.160036416716893)]
[([8, 0, 8], 1.318337255243766), ([1, 5, 4, 7, 2, 9, 6, 3, 10, 8], 1.318337255243766)]
[([8, 0, 8], 1.2770122757543858), ([1, 10, 6, 2, 5, 4, 7, 9, 3, 8], 1.2770122757543858)]
[([8, 0, 8], 1.3162438146191064), ([1, 10, 5, 2, 4, 7, 3, 9, 6, 8], 1.3162438146191064)]
[([8, 0, 0], 1.3376836856796277), ([1, 10, 5, 4, 7, 2, 3, 9, 6, 8], 1.3376836856796277)]
[([8, 0, 0], 1.3184490924727477), ([1, 10, 3, 9, 6, 7, 4, 2, 5, 8], 1.3184490924727477)]
[([8, 0, 0], 1.1748783234734668), ([1, 10, 9, 2, 5, 4, 7, 6, 3, 8], 1.1748783234734668)]
[([8, 0, 0], 1.2297735323681562), ([1, 10, 4, 5, 7, 2, 9, 3, 6, 8], 1.2297735323681562)]
[([8, 0, 0], 1.3807945185410795), ([1, 6, 3, 9, 7, 4, 2, 5, 10, 8], 1.3807945185410795)]
[([10, 0, 0], 1.0671400223462217), ([1, 8, 2, 5, 6, 7, 4, 9, 3, 10], 1.0671400223462217)]
[([8, 0, 0], 1.0845314470582852), ([1, 10, 2, 5, 4, 6, 7, 3, 9, 8], 1.0845314470582852)]
[([10, 0, 0], 1.1738831382302177), ([1, 8, 3, 9, 2, 5, 4, 7, 6, 10], 1.1738831382302177)]
[([10, 0, 0], 1.3399245305830434), ([1, 8, 5, 4, 7, 2, 9, 3, 6, 10], 1.3399245305830434)]
[([8, 0, 8], 1.0017969512742526), ([1, 6, 2, 5, 7, 10, 3, 9, 4, 8], 1.0017969512742526)]
[([10, 0, 0], 1.3451306772976768), ([1, 6, 3, 9, 7, 4, 2, 5, 8, 10], 1.3451306772976768)]
[([10, 0, 10], 1.308462294657063), ([1, 8, 5, 4, 2, 7, 9, 3, 6, 10], 1.308462294657063)]
[([10, 0, 10], 1.2864156815816061), ([1, 5, 4, 7, 2, 3, 9, 6, 8, 10], 1.2864156815816061)]
[([8, 0, 8], 1.224903190122259), ([1, 5, 2, 3, 9, 4, 7, 6, 10, 8], 1.224903190122259)]
[([10, 0, 10], 1.13195007462694), ([1, 8, 4, 5, 2, 7, 3, 6, 9, 10], 1.13195007462694)]
[([8, 0, 0], 1.3615013164029481), ([1, 6, 3, 9, 7, 2, 4, 5, 10, 8], 1.3615013164029481)]
[([10, 0, 0], 1.2504460314987722), ([1, 8, 5, 4, 7, 2, 9, 6, 3, 10], 1.2504460314987722)]
[([8, 0, 8], 1.3092582947217957), ([1, 10, 6, 9, 3, 5, 4, 7, 2, 8], 1.3092582947217957)]
[([10, 0, 10], 1.1661792105589364), ([1, 8, 9, 7, 4, 5, 2, 3, 6, 10], 1.1661792105589364)]
[([10, 0, 0], 1.1721927830593863), ([1, 2, 7, 4, 5, 8, 9, 3, 6, 10], 1.1721927830593863)]
[([8, 0, 0], 1.2640811632426805), ([1, 9, 2, 5, 4, 7, 3, 6, 10, 8], 1.2640811632426805)]

