Fri Apr 29 00:40:32 2016
[([0, 0, 5], 2.545945872398476), ([1, 8, 9, 6, 10, 7, 2, 4, 3, 5], 2.545945872398476)]
[([0, 0, 5], 2.6157048729201793), ([1, 8, 3, 4, 2, 7, 9, 6, 10, 5], 2.6157048729201793)]
[([0, 0, 5], 2.4692543843566823), ([1, 8, 6, 10, 4, 2, 9, 7, 3, 5], 2.4692543843566823)]
[([0, 0, 5], 2.843273772920788), ([1, 8, 6, 10, 9, 7, 4, 2, 3, 5], 2.843273772920788)]
[([0, 0, 5], 2.5322959645884686), ([1, 8, 3, 6, 10, 9, 7, 2, 4, 5], 2.5322959645884686)]
[([0, 0, 5], 2.3145970452506384), ([1, 8, 3, 7, 4, 2, 6, 10, 9, 5], 2.3145970452506384)]
[([0, 0, 5], 2.5573043058040636), ([1, 6, 10, 9, 7, 2, 4, 3, 5, 8], 2.5573043058040636)]
[([0, 0, 5], 2.419678538181676), ([1, 8, 10, 6, 4, 2, 9, 7, 3, 5], 2.419678538181676)]
[([0, 0, 5], 2.3716092431805467), ([1, 8, 6, 10, 9, 2, 7, 4, 5, 3], 2.3716092431805467)]
[([0, 0, 5], 2.406352850402397), ([1, 3, 8, 6, 10, 9, 2, 4, 7, 5], 2.406352850402397)]
[([0, 0, 5], 2.3821949225273613), ([1, 8, 9, 10, 6, 2, 7, 4, 3, 5], 2.3821949225273613)]
[([0, 0, 5], 2.581865251394767), ([1, 8, 10, 6, 7, 9, 2, 4, 3, 5], 2.581865251394767)]
[([0, 0, 5], 2.6390192004242876), ([1, 8, 6, 10, 7, 9, 2, 4, 3, 5], 2.6390192004242876)]
[([0, 0, 5], 2.417850035837523), ([1, 8, 7, 2, 4, 9, 6, 10, 3, 5], 2.417850035837523)]
[([0, 0, 5], 2.2978135921092), ([1, 8, 9, 7, 6, 10, 2, 4, 3, 5], 2.2978135921092)]
[([0, 0, 5], 2.843273772920788), ([1, 8, 6, 10, 9, 7, 4, 2, 3, 5], 2.843273772920788)]
[([0, 0, 5], 2.751923389965599), ([1, 8, 6, 10, 9, 2, 7, 4, 3, 5], 2.751923389965599)]
[([0, 0, 5], 2.963656214541252), ([1, 8, 6, 10, 9, 7, 2, 4, 3, 5], 2.963656214541252)]
[([0, 0, 5], 2.3293485532092855), ([1, 3, 2, 4, 7, 9, 10, 6, 5, 8], 2.3293485532092855)]
[([0, 0, 5], 2.843273772920788), ([1, 8, 6, 10, 9, 7, 4, 2, 3, 5], 2.843273772920788)]
[([0, 0, 5], 2.404661015561257), ([1, 8, 10, 6, 7, 2, 9, 4, 3, 5], 2.404661015561257)]
[([0, 0, 5], 2.5468611003104913), ([1, 8, 9, 10, 6, 7, 2, 4, 3, 5], 2.5468611003104913)]
[([0, 0, 5], 2.963656214541252), ([1, 8, 6, 10, 9, 7, 2, 4, 3, 5], 2.963656214541252)]
[([0, 0, 5], 2.4544672088212534), ([1, 8, 7, 4, 2, 9, 10, 6, 3, 5], 2.4544672088212534)]
[([0, 0, 5], 2.4935262596193075), ([1, 8, 4, 2, 7, 9, 6, 10, 3, 5], 2.4935262596193075)]
[([0, 0, 5], 2.5573043058040636), ([1, 6, 10, 9, 7, 2, 4, 3, 5, 8], 2.5573043058040636)]
[([0, 0, 5], 2.6298529418557433), ([1, 8, 6, 10, 9, 4, 7, 2, 3, 5], 2.6298529418557433)]
[([0, 0, 5], 2.963656214541252), ([1, 8, 6, 10, 9, 7, 2, 4, 3, 5], 2.963656214541252)]
[([0, 0, 5], 2.5341722347998044), ([1, 8, 6, 10, 7, 4, 2, 9, 3, 5], 2.5341722347998044)]
[([0, 0, 5], 2.5695581256991575), ([1, 3, 4, 2, 7, 9, 10, 6, 8, 5], 2.5695581256991575)]

