Fri Apr 29 04:18:13 2016
[([0, 0, 9], 15.739673647665203), ([1, 2, 8, 4, 5, 3, 10, 6, 7, 9], 15.739673647665203)]
[([0, 0, 9], 15.739673647665203), ([1, 2, 8, 4, 5, 3, 10, 6, 7, 9], 15.739673647665203)]
[([0, 0, 9], 13.148143735510594), ([1, 10, 2, 8, 4, 5, 3, 6, 7, 9], 13.148143735510594)]
[([0, 0, 9], 14.000083683378426), ([1, 7, 6, 10, 5, 4, 3, 8, 2, 9], 14.000083683378426)]
[([0, 0, 9], 15.652955299927509), ([1, 2, 8, 4, 3, 5, 10, 6, 7, 9], 15.652955299927509)]
[([0, 0, 9], 13.73111029655819), ([1, 6, 2, 8, 5, 4, 3, 10, 7, 9], 13.73111029655819)]
[([0, 0, 7], 13.245386068969673), ([1, 9, 2, 8, 5, 4, 3, 10, 6, 7], 13.245386068969673)]
[([0, 0, 9], 13.252137204141292), ([1, 2, 8, 6, 10, 3, 5, 4, 7, 9], 13.252137204141292)]
[([0, 0, 9], 13.73111029655819), ([1, 6, 2, 8, 5, 4, 3, 10, 7, 9], 13.73111029655819)]
[([0, 0, 9], 14.05990014488125), ([1, 2, 8, 3, 4, 5, 6, 10, 7, 9], 14.05990014488125)]
[([0, 0, 9], 13.256746102796217), ([1, 10, 4, 5, 3, 2, 8, 6, 7, 9], 13.256746102796217)]
[([0, 0, 7], 13.412405612348708), ([1, 9, 2, 8, 4, 3, 5, 10, 6, 7], 13.412405612348708)]
[([0, 0, 9], 15.739673647665203), ([1, 2, 8, 4, 5, 3, 10, 6, 7, 9], 15.739673647665203)]
[([0, 0, 9], 15.728848951603451), ([1, 2, 8, 3, 4, 5, 10, 6, 7, 9], 15.728848951603451)]
[([0, 0, 9], 15.728848951603451), ([1, 2, 8, 3, 4, 5, 10, 6, 7, 9], 15.728848951603451)]
[([0, 0, 10], 12.876538045817906), ([1, 9, 7, 6, 2, 8, 3, 4, 5, 10], 12.876538045817906)]
[([0, 0, 9], 15.652955299927509), ([1, 2, 8, 4, 3, 5, 10, 6, 7, 9], 15.652955299927509)]
[([0, 0, 9], 15.055318499438062), ([1, 2, 8, 5, 3, 4, 10, 6, 7, 9], 15.055318499438062)]
[([0, 0, 9], 15.652955299927509), ([1, 2, 8, 4, 3, 5, 10, 6, 7, 9], 15.652955299927509)]
[([0, 0, 9], 13.646312539522707), ([1, 6, 7, 10, 3, 5, 4, 8, 2, 9], 13.646312539522707)]
[([0, 0, 9], 15.728848951603451), ([1, 2, 8, 3, 4, 5, 10, 6, 7, 9], 15.728848951603451)]
[([0, 0, 9], 14.496583899342662), ([1, 8, 2, 4, 5, 3, 10, 6, 7, 9], 14.496583899342662)]
[([0, 0, 9], 14.33260384627639), ([1, 2, 8, 10, 5, 4, 3, 6, 7, 9], 14.33260384627639)]
[([0, 0, 9], 12.284101709910868), ([1, 8, 2, 10, 6, 3, 4, 5, 7, 9], 12.284101709910868)]
[([0, 0, 9], 14.459007854140543), ([1, 8, 2, 3, 4, 5, 10, 6, 7, 9], 14.459007854140543)]
[([0, 0, 9], 14.201332703693572), ([1, 8, 2, 3, 5, 4, 10, 6, 7, 9], 14.201332703693572)]
[([0, 0, 9], 13.264819394131274), ([1, 7, 6, 2, 8, 4, 5, 3, 10, 9], 13.264819394131274)]
[([0, 0, 9], 15.055318499438062), ([1, 2, 8, 5, 3, 4, 10, 6, 7, 9], 15.055318499438062)]
[([0, 0, 9], 15.739673647665203), ([1, 2, 8, 4, 5, 3, 10, 6, 7, 9], 15.739673647665203)]
[([0, 0, 9], 14.422990322426294), ([1, 8, 2, 4, 3, 5, 10, 6, 7, 9], 14.422990322426294)]

