Fri Apr 29 23:08:03 2016
[([0, 0, 0, 2, 2], 46.422616207243216), ([1, 3, 7, 4, 5, 10, 9, 6, 8, 2], 46.422616207243216)]
[([0, 0, 0, 2, 2], 47.06376962362006), ([1, 9, 6, 10, 5, 7, 4, 3, 8, 2], 47.06376962362006)]
[([0, 0, 0, 2, 2], 47.67247045442674), ([1, 3, 4, 7, 5, 8, 9, 6, 10, 2], 47.67247045442674)]
[([0, 0, 0, 2, 0], 46.630858451037426), ([1, 4, 7, 5, 10, 9, 6, 8, 3, 2], 46.630858451037426)]
[([0, 0, 0, 2, 0], 56.58249516296399), ([1, 3, 4, 7, 5, 10, 6, 9, 8, 2], 56.58249516296399)]
[([0, 0, 0, 2, 0], 49.69943345232678), ([1, 3, 4, 7, 5, 10, 8, 6, 9, 2], 49.69943345232678)]
[([0, 0, 0, 2, 2], 46.10107894673638), ([1, 3, 4, 5, 7, 10, 8, 9, 6, 2], 46.10107894673638)]
[([0, 0, 0, 2, 0], 47.59399287789603), ([1, 3, 4, 7, 5, 8, 10, 6, 9, 2], 47.59399287789603)]
[([0, 0, 0, 2, 0], 56.58249516296399), ([1, 3, 4, 7, 5, 10, 6, 9, 8, 2], 56.58249516296399)]
[([0, 0, 0, 2, 2], 47.80548985794762), ([1, 4, 7, 5, 10, 6, 9, 8, 3, 2], 47.80548985794762)]
[([0, 0, 0, 2, 2], 50.025945209636056), ([1, 3, 4, 7, 5, 6, 10, 9, 8, 2], 50.025945209636056)]
[([0, 0, 0, 2, 0], 42.31034624576502), ([1, 3, 10, 5, 7, 4, 6, 9, 8, 2], 42.31034624576502)]
[([0, 0, 0, 2, 0], 54.40156388587457), ([1, 8, 9, 6, 10, 5, 7, 4, 3, 2], 54.40156388587457)]
[([0, 0, 0, 2, 0], 45.978505745124934), ([1, 8, 3, 4, 7, 5, 10, 9, 6, 2], 45.978505745124934)]
[([0, 0, 0, 2, 2], 44.651514563366305), ([1, 3, 5, 4, 7, 10, 6, 9, 8, 2], 44.651514563366305)]
[([0, 0, 0, 2, 2], 43.40507987951198), ([1, 7, 5, 4, 3, 10, 6, 9, 8, 2], 43.40507987951198)]
[([0, 0, 0, 2, 2], 46.7782161698535), ([1, 3, 5, 7, 4, 10, 6, 9, 8, 2], 46.7782161698535)]
[([0, 0, 0, 2, 0], 44.26589553073814), ([1, 5, 7, 4, 3, 10, 6, 9, 8, 2], 44.26589553073814)]
[([0, 0, 0, 2, 0], 56.58249516296399), ([1, 3, 4, 7, 5, 10, 6, 9, 8, 2], 56.58249516296399)]
[([0, 0, 0, 2, 2], 47.80548985794762), ([1, 4, 7, 5, 10, 6, 9, 8, 3, 2], 47.80548985794762)]
[([0, 0, 0, 2, 0], 54.94433836540622), ([1, 3, 4, 7, 5, 10, 9, 6, 8, 2], 54.94433836540622)]
[([0, 0, 0, 2, 0], 42.4374660245858), ([1, 9, 10, 6, 5, 7, 4, 3, 8, 2], 42.4374660245858)]
[([0, 0, 0, 2, 0], 47.58664884990927), ([1, 3, 7, 4, 5, 10, 6, 9, 8, 2], 47.58664884990927)]
[([0, 0, 0, 2, 2], 42.09377897502314), ([1, 6, 10, 9, 8, 7, 5, 4, 3, 2], 42.09377897502314)]
[([0, 0, 0, 2, 2], 47.2042447509242), ([1, 8, 3, 4, 7, 5, 10, 6, 9, 2], 47.2042447509242)]
[([0, 0, 0, 2, 2], 41.40986084329092), ([1, 4, 7, 5, 10, 9, 6, 3, 8, 2], 41.40986084329092)]
[([0, 0, 0, 2, 0], 56.58249516296399), ([1, 3, 4, 7, 5, 10, 6, 9, 8, 2], 56.58249516296399)]
[([0, 0, 0, 2, 2], 42.15515438187633), ([1, 3, 7, 5, 4, 6, 10, 9, 8, 2], 42.15515438187633)]
[([0, 0, 0, 2, 2], 51.27923375461147), ([1, 3, 4, 7, 5, 6, 9, 10, 8, 2], 51.27923375461147)]
[([0, 0, 0, 2, 2], 50.21465149505407), ([1, 8, 9, 6, 10, 7, 5, 4, 3, 2], 50.21465149505407)]

