Fri Apr 29 13:50:21 2016
[([0, 0, 2, 0, 0], 50.81288498436089), ([1, 5, 7, 6, 10, 4, 9, 8, 3, 2], 50.81288498436089)]
[([0, 0, 2, 0, 0], 51.023176838491), ([1, 5, 7, 8, 6, 4, 9, 10, 3, 2], 51.023176838491)]
[([0, 0, 2, 0, 0], 50.78428399257658), ([1, 5, 7, 6, 9, 4, 10, 8, 3, 2], 50.78428399257658)]
[([0, 0, 2, 2, 0], 48.82674106848665), ([1, 7, 5, 8, 10, 6, 9, 4, 3, 2], 48.82674106848665)]
[([0, 0, 2, 0, 0], 49.995066194341334), ([1, 5, 7, 8, 9, 10, 6, 4, 3, 2], 49.995066194341334)]
[([0, 0, 2, 0, 0], 53.921442951958404), ([1, 5, 7, 8, 6, 9, 10, 4, 3, 2], 53.921442951958404)]
[([0, 0, 5, 5, 0], 54.169465267262595), ([1, 2, 3, 4, 9, 10, 8, 6, 7, 5], 54.169465267262595)]
[([0, 0, 2, 0, 0], 47.5722672578723), ([1, 5, 7, 3, 8, 6, 10, 9, 4, 2], 47.5722672578723)]
[([0, 0, 2, 0, 0], 57.002979805682536), ([1, 5, 7, 8, 6, 10, 9, 4, 3, 2], 57.002979805682536)]
[([0, 0, 5, 0, 0], 54.26939502361813), ([1, 7, 8, 6, 10, 9, 4, 3, 2, 5], 54.26939502361813)]
[([0, 0, 2, 2, 0], 57.002979805682536), ([1, 5, 7, 8, 6, 10, 9, 4, 3, 2], 57.002979805682536)]
[([0, 0, 2, 0, 0], 50.81288498436089), ([1, 5, 7, 6, 10, 4, 9, 8, 3, 2], 50.81288498436089)]
[([0, 0, 5, 0, 0], 45.072897934958306), ([1, 3, 4, 10, 6, 9, 8, 7, 2, 5], 45.072897934958306)]
[([0, 0, 2, 0, 0], 53.2159729368076), ([1, 5, 7, 6, 8, 10, 9, 4, 3, 2], 53.2159729368076)]
[([0, 0, 2, 2, 0], 53.2159729368076), ([1, 5, 7, 6, 8, 10, 9, 4, 3, 2], 53.2159729368076)]
[([0, 0, 2, 2, 0], 46.04602525000005), ([1, 3, 5, 7, 6, 9, 4, 10, 8, 2], 46.04602525000005)]
[([0, 0, 2, 2, 0], 49.30704609874502), ([1, 5, 7, 8, 4, 9, 6, 10, 3, 2], 49.30704609874502)]
[([0, 0, 2, 0, 0], 50.519314503049586), ([1, 5, 7, 6, 4, 9, 10, 8, 3, 2], 50.519314503049586)]
[([0, 0, 2, 2, 0], 50.03034988001177), ([1, 3, 4, 10, 9, 6, 8, 7, 5, 2], 50.03034988001177)]
[([0, 0, 2, 0, 0], 46.32543413908425), ([1, 7, 5, 8, 10, 9, 6, 4, 3, 2], 46.32543413908425)]
[([0, 0, 2, 0, 0], 50.66890782505755), ([1, 5, 7, 4, 9, 10, 6, 8, 3, 2], 50.66890782505755)]
[([0, 0, 2, 0, 0], 49.865699787486356), ([1, 5, 8, 7, 6, 10, 9, 4, 3, 2], 49.865699787486356)]
[([0, 0, 2, 0, 0], 49.70461905222981), ([1, 7, 5, 8, 6, 9, 10, 4, 3, 2], 49.70461905222981)]
[([0, 0, 2, 2, 0], 57.002979805682536), ([1, 5, 7, 8, 6, 10, 9, 4, 3, 2], 57.002979805682536)]
[([0, 0, 2, 0, 0], 46.41968735712437), ([1, 5, 4, 10, 9, 6, 8, 7, 3, 2], 46.41968735712437)]
[([0, 0, 2, 0, 0], 48.835150052564494), ([1, 5, 7, 10, 4, 9, 6, 8, 3, 2], 48.835150052564494)]
[([0, 0, 2, 0, 0], 53.921442951958404), ([1, 5, 7, 8, 6, 9, 10, 4, 3, 2], 53.921442951958404)]
[([0, 0, 2, 0, 0], 49.0535925565325), ([1, 5, 7, 8, 9, 4, 10, 6, 3, 2], 49.0535925565325)]
[([0, 0, 2, 0, 0], 50.66890782505755), ([1, 5, 7, 4, 9, 10, 6, 8, 3, 2], 50.66890782505755)]
[([0, 0, 3, 0, 3], 43.493754810825486), ([1, 7, 8, 6, 10, 9, 4, 5, 2, 3], 43.493754810825486)]

