Fri Apr 29 11:31:35 2016
[([7, 0, 0, 0, 0], 4.863042149878967), ([1, 8, 2, 5, 9, 6, 10, 3, 4, 7], 4.863042149878967)]
[([7, 0, 0, 0, 0], 5.0534208518592205), ([1, 10, 9, 5, 2, 8, 6, 3, 4, 7], 5.0534208518592205)]
[([7, 0, 0, 0, 0], 4.914449066788503), ([1, 10, 6, 4, 9, 5, 2, 8, 3, 7], 4.914449066788503)]
[([7, 0, 0, 0, 0], 5.090213856255139), ([1, 3, 4, 9, 5, 2, 8, 6, 10, 7], 5.090213856255139)]
[([7, 0, 0, 0, 0], 4.932845329419686), ([1, 9, 5, 2, 8, 6, 3, 4, 10, 7], 4.932845329419686)]
[([7, 0, 0, 0, 0], 4.934174113550659), ([1, 4, 3, 8, 2, 5, 9, 6, 10, 7], 4.934174113550659)]
[([7, 0, 0, 0, 0], 5.057048276340828), ([1, 10, 4, 9, 5, 2, 8, 6, 3, 7], 5.057048276340828)]
[([7, 0, 0, 0, 0], 5.0534208518592205), ([1, 10, 9, 5, 2, 8, 6, 3, 4, 7], 5.0534208518592205)]
[([7, 0, 0, 0, 0], 4.924887629858875), ([1, 6, 8, 2, 5, 9, 3, 4, 10, 7], 4.924887629858875)]
[([0, 0, 0, 10, 0], 4.5752422199690095), ([1, 7, 9, 5, 2, 8, 3, 4, 6, 10], 4.5752422199690095)]
[([7, 0, 0, 0, 0], 5.009335054896383), ([1, 4, 9, 5, 2, 8, 6, 3, 10, 7], 5.009335054896383)]
[([7, 0, 0, 0, 0], 4.841959968737542), ([1, 10, 8, 2, 5, 9, 3, 6, 4, 7], 4.841959968737542)]
[([0, 0, 0, 0, 4], 3.784580174333197), ([1, 7, 5, 9, 2, 8, 6, 3, 10, 4], 3.784580174333197)]
[([7, 0, 0, 0, 0], 4.92700717156686), ([1, 10, 4, 5, 9, 2, 8, 6, 3, 7], 4.92700717156686)]
[([7, 0, 0, 0, 0], 5.0029045862764905), ([1, 3, 9, 5, 2, 8, 6, 10, 4, 7], 5.0029045862764905)]
[([7, 0, 0, 0, 0], 4.964396715650085), ([1, 10, 9, 5, 2, 8, 6, 4, 3, 7], 4.964396715650085)]
[([7, 0, 0, 0, 0], 4.863042149878967), ([1, 8, 2, 5, 9, 6, 10, 3, 4, 7], 4.863042149878967)]
[([7, 0, 0, 0, 0], 4.817382784560429), ([1, 4, 3, 8, 2, 9, 5, 6, 10, 7], 4.817382784560429)]
[([7, 0, 0, 0, 0], 4.934174113550659), ([1, 4, 3, 8, 2, 5, 9, 6, 10, 7], 4.934174113550659)]
[([7, 0, 0, 0, 0], 4.85183549962496), ([1, 10, 4, 3, 5, 9, 2, 8, 6, 7], 4.85183549962496)]
[([0, 0, 0, 10, 0], 4.6181532050894605), ([1, 4, 3, 7, 9, 5, 2, 8, 6, 10], 4.6181532050894605)]
[([7, 0, 0, 0, 0], 4.905367976683569), ([1, 5, 9, 2, 8, 6, 10, 3, 4, 7], 4.905367976683569)]
[([7, 0, 0, 0, 0], 4.914449066788503), ([1, 10, 6, 4, 9, 5, 2, 8, 3, 7], 4.914449066788503)]
[([0, 0, 0, 0, 4], 3.971131272129872), ([1, 7, 9, 5, 2, 8, 6, 10, 3, 4], 3.971131272129872)]
[([7, 0, 0, 0, 0], 4.841959968737542), ([1, 10, 8, 2, 5, 9, 3, 6, 4, 7], 4.841959968737542)]
[([7, 0, 0, 0, 0], 5.0534208518592205), ([1, 10, 9, 5, 2, 8, 6, 3, 4, 7], 5.0534208518592205)]
[([7, 0, 0, 0, 0], 5.035499934499151), ([1, 9, 5, 2, 8, 6, 10, 3, 4, 7], 5.035499934499151)]
[([7, 0, 0, 0, 0], 4.907733719619033), ([1, 6, 8, 2, 5, 9, 3, 10, 4, 7], 4.907733719619033)]
[([7, 0, 0, 0, 0], 4.747831664524135), ([1, 8, 2, 5, 9, 3, 6, 10, 4, 7], 4.747831664524135)]
[([7, 0, 0, 0, 0], 5.057048276340828), ([1, 10, 4, 9, 5, 2, 8, 6, 3, 7], 5.057048276340828)]

