Fri Apr 29 16:37:10 2016
[([0, 0, 6, 0, 0], 71.09502984343865), ([1, 8, 10, 2, 5, 3, 9, 7, 4, 6], 71.09502984343865)]
[([0, 0, 6, 0, 6], 78.67257885665991), ([1, 8, 2, 10, 7, 9, 3, 5, 4, 6], 78.67257885665991)]
[([0, 0, 6, 6, 6], 68.84569869830658), ([1, 8, 4, 7, 2, 10, 3, 9, 5, 6], 68.84569869830658)]
[([0, 0, 6, 0, 0], 78.58143859459068), ([1, 4, 5, 3, 9, 7, 10, 2, 8, 6], 78.58143859459068)]
[([0, 0, 6, 0, 0], 70.15936530073981), ([1, 7, 9, 3, 5, 4, 2, 10, 8, 6], 70.15936530073981)]
[([0, 0, 6, 6, 0], 75.51648187811702), ([1, 5, 3, 9, 7, 2, 10, 4, 8, 6], 75.51648187811702)]
[([0, 0, 6, 0, 0], 76.17149676489318), ([1, 8, 4, 2, 10, 7, 9, 3, 5, 6], 76.17149676489318)]
[([0, 0, 6, 0, 0], 76.34591795119158), ([1, 4, 5, 9, 3, 7, 10, 2, 8, 6], 76.34591795119158)]
[([0, 0, 6, 0, 0], 74.63967922875418), ([1, 10, 2, 7, 9, 3, 5, 4, 8, 6], 74.63967922875418)]
[([0, 0, 6, 0, 6], 74.99251963096916), ([1, 8, 10, 2, 7, 3, 9, 5, 4, 6], 74.99251963096916)]
[([0, 0, 6, 6, 0], 70.46598065281594), ([1, 7, 9, 3, 5, 4, 10, 2, 8, 6], 70.46598065281594)]
[([0, 0, 6, 0, 6], 76.61054442515129), ([1, 5, 3, 9, 7, 10, 2, 4, 8, 6], 76.61054442515129)]
[([0, 0, 6, 0, 0], 68.87703613923543), ([1, 10, 2, 4, 5, 3, 9, 7, 8, 6], 68.87703613923543)]
[([0, 0, 6, 6, 0], 70.46598065281594), ([1, 7, 9, 3, 5, 4, 10, 2, 8, 6], 70.46598065281594)]
[([0, 0, 6, 0, 0], 74.48423816936774), ([1, 5, 9, 3, 7, 10, 2, 4, 8, 6], 74.48423816936774)]
[([0, 0, 6, 6, 0], 76.4467951316451), ([1, 5, 3, 9, 7, 10, 2, 8, 4, 6], 76.4467951316451)]
[([0, 0, 6, 0, 0], 74.50398561104072), ([1, 4, 8, 10, 2, 7, 9, 3, 5, 6], 74.50398561104072)]
[([0, 0, 6, 6, 6], 76.4467951316451), ([1, 5, 3, 9, 7, 10, 2, 8, 4, 6], 76.4467951316451)]
[([0, 0, 6, 0, 0], 71.03854591443017), ([1, 4, 7, 5, 3, 9, 2, 10, 8, 6], 71.03854591443017)]
[([0, 0, 6, 0, 6], 74.01063551075231), ([1, 2, 10, 7, 3, 9, 5, 4, 8, 6], 74.01063551075231)]
[([0, 0, 6, 6, 6], 74.01063551075231), ([1, 2, 10, 7, 3, 9, 5, 4, 8, 6], 74.01063551075231)]
[([0, 0, 6, 6, 0], 76.34591795119158), ([1, 4, 5, 9, 3, 7, 10, 2, 8, 6], 76.34591795119158)]
[([0, 0, 6, 0, 0], 75.51648187811702), ([1, 5, 3, 9, 7, 2, 10, 4, 8, 6], 75.51648187811702)]
[([0, 0, 6, 6, 6], 74.90970197654991), ([1, 4, 5, 9, 3, 7, 2, 10, 8, 6], 74.90970197654991)]
[([0, 0, 6, 6, 0], 73.13833251542226), ([1, 4, 7, 5, 3, 9, 10, 2, 8, 6], 73.13833251542226)]
[([0, 0, 6, 6, 6], 74.48423816936774), ([1, 5, 9, 3, 7, 10, 2, 4, 8, 6], 74.48423816936774)]
[([0, 0, 6, 0, 0], 77.14836475943355), ([1, 8, 10, 2, 7, 9, 3, 5, 4, 6], 77.14836475943355)]
[([0, 0, 6, 6, 6], 71.86119893711952), ([1, 8, 2, 10, 5, 3, 9, 7, 4, 6], 71.86119893711952)]
[([0, 0, 6, 6, 0], 71.05137528854902), ([1, 2, 10, 7, 9, 3, 5, 8, 4, 6], 71.05137528854902)]
[([0, 0, 6, 6, 6], 76.10960680858028), ([1, 2, 10, 7, 9, 3, 5, 4, 8, 6], 76.10960680858028)]

