Fri Apr 29 14:46:37 2016
[([0, 0, 0, 0, 9], 28.470844554111633), ([1, 6, 2, 10, 8, 4, 3, 7, 5, 9], 28.470844554111633)]
[([0, 0, 0, 0, 3], 26.165931670386655), ([1, 6, 2, 10, 8, 4, 9, 5, 3, 7], 26.165931670386655)]
[([0, 0, 0, 0, 9], 26.770061680683053), ([1, 6, 2, 7, 4, 8, 10, 3, 5, 9], 26.770061680683053)]
[([0, 0, 0, 0, 5], 26.0916693368579), ([1, 6, 2, 7, 9, 3, 10, 8, 4, 5], 26.0916693368579)]
[([0, 0, 0, 0, 9], 25.542555290088472), ([1, 6, 7, 2, 8, 10, 4, 3, 5, 9], 25.542555290088472)]
[([0, 0, 0, 0, 9], 25.89006676663885), ([1, 6, 2, 10, 3, 8, 4, 5, 7, 9], 25.89006676663885)]
[([0, 0, 0, 0, 5], 27.87013747290793), ([1, 6, 2, 7, 3, 10, 8, 4, 9, 5], 27.87013747290793)]
[([0, 0, 0, 0, 3], 24.77852511719553), ([1, 6, 2, 10, 8, 9, 5, 4, 3, 7], 24.77852511719553)]
[([0, 0, 0, 0, 9], 24.34127199031164), ([1, 6, 3, 4, 8, 10, 2, 5, 7, 9], 24.34127199031164)]
[([0, 0, 0, 0, 9], 24.882672709194903), ([1, 4, 3, 8, 10, 2, 6, 7, 5, 9], 24.882672709194903)]
[([0, 0, 0, 0, 5], 26.406075358386115), ([1, 6, 3, 4, 8, 10, 2, 7, 9, 5], 26.406075358386115)]
[([0, 0, 0, 0, 9], 24.4658196887), ([1, 6, 8, 10, 2, 7, 3, 4, 5, 9], 24.4658196887)]
[([0, 0, 0, 0, 3], 23.1387225919205), ([1, 6, 2, 5, 9, 8, 10, 4, 3, 7], 23.1387225919205)]
[([0, 0, 0, 0, 3], 22.745963440403322), ([1, 9, 5, 6, 2, 4, 8, 10, 3, 7], 22.745963440403322)]
[([0, 0, 0, 0, 5], 27.54324520825685), ([1, 6, 7, 2, 3, 10, 8, 4, 9, 5], 27.54324520825685)]
[([0, 0, 0, 0, 9], 28.15681059392671), ([1, 6, 7, 2, 10, 8, 4, 3, 5, 9], 28.15681059392671)]
[([0, 0, 0, 0, 9], 27.25730897328212), ([1, 6, 2, 10, 8, 3, 4, 7, 5, 9], 27.25730897328212)]
[([0, 0, 0, 0, 9], 26.618763507059583), ([1, 6, 2, 3, 4, 8, 10, 7, 5, 9], 26.618763507059583)]
[([0, 0, 0, 0, 9], 27.387278682239987), ([1, 6, 7, 2, 3, 10, 8, 4, 5, 9], 27.387278682239987)]
[([0, 0, 0, 0, 5], 26.586931625447388), ([1, 6, 2, 3, 10, 8, 4, 9, 7, 5], 26.586931625447388)]
[([0, 0, 0, 0, 9], 26.365444179010055), ([1, 6, 7, 4, 8, 10, 2, 3, 5, 9], 26.365444179010055)]
[([0, 0, 0, 0, 5], 25.52720618653132), ([1, 9, 4, 8, 10, 3, 2, 6, 7, 5], 25.52720618653132)]
[([0, 0, 0, 0, 5], 28.172298099683378), ([1, 6, 2, 10, 8, 4, 3, 7, 9, 5], 28.172298099683378)]
[([0, 0, 0, 0, 9], 26.95699083855303), ([1, 7, 6, 2, 10, 8, 4, 3, 5, 9], 26.95699083855303)]
[([0, 0, 0, 0, 5], 23.25805403214462), ([1, 6, 10, 8, 2, 3, 4, 9, 5, 7], 23.25805403214462)]
[([0, 0, 0, 0, 9], 28.15681059392671), ([1, 6, 7, 2, 10, 8, 4, 3, 5, 9], 28.15681059392671)]
[([0, 0, 0, 0, 5], 24.18662238437685), ([1, 2, 10, 8, 3, 4, 7, 6, 9, 5], 24.18662238437685)]
[([0, 0, 0, 0, 9], 28.15681059392671), ([1, 6, 7, 2, 10, 8, 4, 3, 5, 9], 28.15681059392671)]
[([0, 0, 0, 0, 9], 26.314622644993804), ([1, 6, 2, 10, 4, 8, 3, 7, 5, 9], 26.314622644993804)]
[([0, 0, 0, 0, 9], 27.387278682239987), ([1, 6, 7, 2, 3, 10, 8, 4, 5, 9], 27.387278682239987)]

