Fri Apr 29 18:29:57 2016
[([0, 0, 0, 0, 6], 12.399025175875485), ([1, 10, 9, 2, 4, 8, 5, 7, 3, 6], 12.399025175875485)]
[([0, 0, 0, 0, 3], 12.118015196323375), ([1, 6, 9, 4, 2, 5, 8, 7, 10, 3], 12.118015196323375)]
[([0, 0, 0, 0, 6], 12.501558049190615), ([1, 10, 2, 4, 9, 7, 5, 8, 3, 6], 12.501558049190615)]
[([0, 0, 0, 0, 6], 12.292681060003414), ([1, 4, 2, 9, 7, 5, 8, 10, 3, 6], 12.292681060003414)]
[([0, 0, 0, 0, 6], 12.943633343334385), ([1, 3, 9, 4, 2, 8, 5, 7, 10, 6], 12.943633343334385)]
[([0, 0, 0, 0, 6], 12.509706361876), ([1, 9, 4, 2, 7, 5, 8, 10, 3, 6], 12.509706361876)]
[([0, 0, 0, 0, 6], 12.599324660985658), ([1, 10, 5, 8, 7, 9, 2, 4, 3, 6], 12.599324660985658)]
[([0, 0, 0, 0, 6], 13.144825065785874), ([1, 8, 5, 7, 2, 4, 9, 10, 3, 6], 13.144825065785874)]
[([0, 0, 0, 0, 3], 12.332063924766155), ([1, 6, 5, 8, 7, 9, 2, 4, 10, 3], 12.332063924766155)]
[([0, 0, 0, 0, 6], 12.509706361876), ([1, 9, 4, 2, 7, 5, 8, 10, 3, 6], 12.509706361876)]
[([0, 0, 0, 0, 6], 12.9379429631122), ([1, 9, 4, 2, 8, 5, 7, 10, 3, 6], 12.9379429631122)]
[([0, 0, 0, 0, 6], 12.60796104529902), ([1, 5, 8, 9, 2, 4, 7, 10, 3, 6], 12.60796104529902)]
[([0, 0, 0, 0, 6], 12.426948725717088), ([1, 10, 8, 5, 7, 9, 4, 2, 3, 6], 12.426948725717088)]
[([0, 0, 0, 0, 6], 12.354953357881632), ([1, 10, 7, 2, 4, 9, 5, 8, 3, 6], 12.354953357881632)]
[([0, 0, 0, 0, 6], 12.906546410474744), ([1, 8, 5, 7, 9, 4, 2, 10, 3, 6], 12.906546410474744)]
[([0, 0, 0, 0, 6], 12.9379429631122), ([1, 9, 4, 2, 8, 5, 7, 10, 3, 6], 12.9379429631122)]
[([0, 0, 0, 0, 6], 12.9379429631122), ([1, 9, 4, 2, 8, 5, 7, 10, 3, 6], 12.9379429631122)]
[([0, 0, 0, 0, 6], 13.35681414855372), ([1, 5, 8, 2, 4, 9, 7, 10, 3, 6], 13.35681414855372)]
[([0, 0, 0, 0, 6], 13.12216209726856), ([1, 10, 7, 5, 8, 2, 4, 9, 3, 6], 13.12216209726856)]
[([0, 0, 0, 0, 6], 13.189598440372306), ([1, 5, 8, 7, 2, 4, 9, 10, 3, 6], 13.189598440372306)]
[([0, 0, 0, 0, 6], 13.35681414855372), ([1, 5, 8, 2, 4, 9, 7, 10, 3, 6], 13.35681414855372)]
[([0, 0, 0, 0, 6], 13.144825065785874), ([1, 8, 5, 7, 2, 4, 9, 10, 3, 6], 13.144825065785874)]
[([0, 0, 0, 0, 6], 12.16798813776409), ([1, 10, 7, 4, 2, 9, 5, 8, 3, 6], 12.16798813776409)]
[([0, 0, 0, 0, 6], 12.896742665114669), ([1, 10, 9, 4, 2, 8, 5, 7, 3, 6], 12.896742665114669)]
[([0, 0, 0, 0, 6], 12.730125657042699), ([1, 8, 5, 4, 2, 9, 7, 10, 3, 6], 12.730125657042699)]
[([0, 0, 0, 0, 6], 12.855055193885946), ([1, 9, 4, 2, 5, 8, 7, 10, 3, 6], 12.855055193885946)]
[([0, 0, 0, 0, 6], 13.223181096148107), ([1, 8, 5, 2, 4, 9, 7, 10, 3, 6], 13.223181096148107)]
[([0, 0, 0, 0, 6], 13.223181096148107), ([1, 8, 5, 2, 4, 9, 7, 10, 3, 6], 13.223181096148107)]
[([0, 0, 0, 0, 3], 12.086667361145135), ([1, 6, 10, 9, 4, 2, 5, 8, 7, 3], 12.086667361145135)]
[([0, 0, 0, 0, 6], 12.976736509499), ([1, 5, 8, 7, 4, 2, 9, 10, 3, 6], 12.976736509499)]

