Fri Apr 29 21:17:49 2016
[([0, 0, 0, 0, 5], 16.299067973255465), ([1, 4, 6, 2, 8, 10, 3, 9, 7, 5], 16.299067973255465)]
[([5, 0, 5, 5, 0], 1.2488762752758396), ([1, 9, 7, 2, 4, 8, 10, 3, 6, 5], 1.2488762752758396)]
[([0, 0, 0, 0, 5], 15.395297900721367), ([1, 6, 4, 8, 2, 10, 3, 9, 7, 5], 15.395297900721367)]
[([0, 0, 0, 0, 5], 17.493355406710155), ([1, 2, 6, 4, 8, 10, 3, 9, 7, 5], 17.493355406710155)]
[([0, 0, 0, 0, 5], 14.671058469849047), ([1, 2, 4, 8, 10, 3, 6, 9, 7, 5], 14.671058469849047)]
[([0, 0, 0, 0, 5], 13.975002057009801), ([1, 6, 4, 8, 10, 3, 9, 2, 7, 5], 13.975002057009801)]
[([0, 0, 0, 0, 6], 11.075602148400383), ([1, 9, 5, 7, 2, 3, 10, 8, 4, 6], 11.075602148400383)]
[([0, 0, 0, 0, 5], 15.40835093669966), ([1, 2, 3, 10, 8, 4, 6, 9, 7, 5], 15.40835093669966)]
[([0, 0, 0, 0, 5], 16.48364024232807), ([1, 2, 4, 6, 8, 10, 3, 9, 7, 5], 16.48364024232807)]
[([0, 0, 0, 0, 6], 11.698120303640783), ([1, 9, 7, 5, 2, 3, 10, 8, 4, 6], 11.698120303640783)]
[([0, 0, 0, 0, 5], 15.205591915116266), ([1, 4, 6, 2, 8, 3, 10, 9, 7, 5], 15.205591915116266)]
[([0, 0, 0, 0, 5], 16.048706195477195), ([1, 7, 9, 3, 10, 8, 4, 6, 2, 5], 16.048706195477195)]
[([0, 0, 0, 0, 6], 12.773066109515343), ([1, 5, 9, 7, 3, 10, 8, 4, 2, 6], 12.773066109515343)]
[([0, 0, 0, 0, 5], 17.493355406710155), ([1, 2, 6, 4, 8, 10, 3, 9, 7, 5], 17.493355406710155)]
[([0, 0, 0, 0, 5], 17.493355406710155), ([1, 2, 6, 4, 8, 10, 3, 9, 7, 5], 17.493355406710155)]
[([0, 0, 0, 0, 5], 15.718920254956506), ([1, 6, 4, 8, 10, 3, 2, 9, 7, 5], 15.718920254956506)]
[([0, 0, 0, 0, 5], 14.673571216189043), ([1, 3, 10, 8, 2, 6, 4, 9, 7, 5], 14.673571216189043)]
[([0, 0, 0, 0, 5], 14.837665392759341), ([1, 4, 8, 10, 3, 2, 6, 9, 7, 5], 14.837665392759341)]
[([0, 0, 0, 0, 5], 15.810503074576097), ([1, 3, 10, 8, 4, 6, 2, 9, 7, 5], 15.810503074576097)]
[([0, 0, 0, 0, 5], 15.262865512287545), ([1, 3, 10, 8, 4, 2, 6, 7, 9, 5], 15.262865512287545)]
[([0, 0, 0, 0, 5], 16.48364024232807), ([1, 2, 4, 6, 8, 10, 3, 9, 7, 5], 16.48364024232807)]
[([0, 0, 0, 0, 5], 14.964285007301854), ([1, 6, 2, 3, 10, 8, 4, 9, 7, 5], 14.964285007301854)]
[([0, 0, 0, 0, 5], 14.981106545827387), ([1, 3, 10, 8, 6, 4, 2, 9, 7, 5], 14.981106545827387)]
[([0, 0, 0, 0, 5], 15.810503074576097), ([1, 3, 10, 8, 4, 6, 2, 9, 7, 5], 15.810503074576097)]
[([0, 0, 0, 0, 5], 15.395297900721367), ([1, 6, 4, 8, 2, 10, 3, 9, 7, 5], 15.395297900721367)]
[([0, 0, 0, 0, 5], 16.778323792818572), ([1, 6, 4, 2, 8, 10, 3, 9, 7, 5], 16.778323792818572)]
[([0, 0, 0, 0, 5], 16.778323792818572), ([1, 6, 4, 2, 8, 10, 3, 9, 7, 5], 16.778323792818572)]
[([0, 0, 0, 0, 5], 15.319789467364755), ([1, 3, 10, 8, 4, 2, 6, 9, 7, 5], 15.319789467364755)]
[([0, 0, 0, 0, 5], 15.350768178029787), ([1, 2, 3, 10, 8, 4, 6, 7, 9, 5], 15.350768178029787)]
[([0, 0, 0, 0, 5], 14.784261685473902), ([1, 4, 8, 10, 3, 2, 6, 7, 9, 5], 14.784261685473902)]

