Fri Apr 29 10:06:44 2016
[([6, 0, 6, 0, 6], 1.1583750351190725), ([1, 4, 3, 5, 9, 10, 2, 7, 8, 6], 1.1583750351190725)]
[([6, 0, 0, 0, 6], 1.1157232611709675), ([1, 3, 9, 5, 10, 2, 7, 8, 4, 6], 1.1157232611709675)]
[([6, 0, 6, 0, 6], 1.059721447325047), ([1, 10, 2, 3, 5, 9, 4, 7, 8, 6], 1.059721447325047)]
[([6, 0, 0, 6, 6], 1.1202112298501774), ([1, 2, 10, 9, 5, 3, 4, 7, 8, 6], 1.1202112298501774)]
[([6, 0, 6, 0, 0], 1.1978662914369689), ([1, 4, 3, 9, 5, 10, 2, 7, 8, 6], 1.1978662914369689)]
[([6, 0, 6, 6, 6], 1.0703020689700555), ([1, 7, 8, 2, 10, 5, 3, 9, 4, 6], 1.0703020689700555)]
[([6, 0, 0, 0, 0], 1.1498720855887712), ([1, 7, 2, 10, 5, 9, 3, 4, 8, 6], 1.1498720855887712)]
[([6, 0, 0, 0, 6], 1.1047170709568774), ([1, 7, 2, 10, 5, 3, 9, 4, 8, 6], 1.1047170709568774)]
[([6, 0, 0, 6, 0], 1.1762630979895954), ([1, 4, 3, 9, 5, 2, 10, 7, 8, 6], 1.1762630979895954)]
[([6, 0, 6, 6, 0], 1.089690796359166), ([1, 9, 3, 5, 10, 2, 7, 4, 8, 6], 1.089690796359166)]
[([6, 0, 0, 6, 0], 1.1112476479624285), ([1, 2, 10, 5, 3, 9, 4, 8, 7, 6], 1.1112476479624285)]
[([6, 0, 6, 0, 6], 1.1102865638472015), ([1, 4, 3, 5, 9, 10, 2, 8, 7, 6], 1.1102865638472015)]
[([6, 0, 6, 6, 6], 1.1762630979895954), ([1, 4, 3, 9, 5, 2, 10, 7, 8, 6], 1.1762630979895954)]
[([6, 0, 0, 6, 6], 1.1047170709568774), ([1, 7, 2, 10, 5, 3, 9, 4, 8, 6], 1.1047170709568774)]
[([6, 0, 6, 0, 0], 1.048908825144289), ([1, 9, 5, 3, 4, 7, 10, 2, 8, 6], 1.048908825144289)]
[([6, 0, 6, 6, 0], 1.1978662914369689), ([1, 4, 3, 9, 5, 10, 2, 7, 8, 6], 1.1978662914369689)]
[([6, 0, 6, 0, 0], 1.081251563214947), ([1, 9, 3, 5, 2, 10, 7, 8, 4, 6], 1.081251563214947)]
[([6, 0, 0, 0, 6], 1.1393433522899845), ([1, 4, 3, 5, 9, 2, 10, 7, 8, 6], 1.1393433522899845)]
[([6, 0, 6, 0, 0], 1.0985378675044437), ([1, 4, 5, 3, 9, 10, 2, 7, 8, 6], 1.0985378675044437)]
[([6, 0, 6, 6, 0], 1.1134338476421648), ([1, 7, 2, 10, 9, 5, 3, 4, 8, 6], 1.1134338476421648)]
[([6, 0, 0, 0, 0], 1.0499759589407411), ([1, 5, 9, 3, 4, 7, 2, 10, 8, 6], 1.0499759589407411)]
[([6, 0, 6, 6, 6], 1.1489433726777507), ([1, 4, 9, 3, 5, 10, 2, 7, 8, 6], 1.1489433726777507)]
[([6, 0, 6, 0, 0], 1.1299509423528995), ([1, 7, 10, 2, 5, 9, 3, 4, 8, 6], 1.1299509423528995)]
[([6, 0, 6, 6, 6], 1.1498720855887712), ([1, 7, 2, 10, 5, 9, 3, 4, 8, 6], 1.1498720855887712)]
[([6, 0, 6, 0, 0], 1.1498720855887712), ([1, 7, 2, 10, 5, 9, 3, 4, 8, 6], 1.1498720855887712)]
[([6, 0, 0, 6, 0], 1.1453680821199554), ([1, 10, 2, 5, 9, 3, 4, 7, 8, 6], 1.1453680821199554)]
[([6, 0, 0, 6, 6], 1.1762630979895954), ([1, 4, 3, 9, 5, 2, 10, 7, 8, 6], 1.1762630979895954)]
[([6, 0, 0, 6, 0], 1.1762630979895954), ([1, 4, 3, 9, 5, 2, 10, 7, 8, 6], 1.1762630979895954)]
[([6, 0, 0, 6, 6], 1.157101759711141), ([1, 2, 10, 5, 9, 3, 4, 7, 8, 6], 1.157101759711141)]
[([6, 0, 0, 6, 0], 1.056445844119875), ([1, 10, 2, 7, 5, 9, 3, 4, 8, 6], 1.056445844119875)]

