Fri Apr 29 18:57:05 2016
[([0, 0, 0, 0, 10], 24.466817440558668), ([1, 3, 8, 9, 7, 4, 5, 2, 6, 10], 24.466817440558668)]
[([0, 0, 0, 0, 10], 29.72768500471454), ([1, 2, 4, 5, 8, 3, 9, 7, 6, 10], 29.72768500471454)]
[([0, 0, 0, 0, 10], 29.72768500471454), ([1, 2, 4, 5, 8, 3, 9, 7, 6, 10], 29.72768500471454)]
[([0, 0, 0, 0, 6], 26.379421666197032), ([1, 3, 8, 9, 5, 4, 2, 10, 7, 6], 26.379421666197032)]
[([0, 0, 0, 0, 10], 30.236679765279753), ([1, 7, 3, 8, 9, 5, 4, 2, 6, 10], 30.236679765279753)]
[([0, 0, 0, 0, 10], 30.685121087047882), ([1, 2, 4, 5, 9, 8, 3, 7, 6, 10], 30.685121087047882)]
[([0, 0, 0, 0, 10], 26.756404832139896), ([1, 4, 2, 5, 8, 3, 9, 7, 6, 10], 26.756404832139896)]
[([0, 0, 0, 0, 10], 27.473545218598485), ([1, 7, 2, 4, 5, 9, 8, 3, 6, 10], 27.473545218598485)]
[([0, 0, 0, 0, 10], 26.558692644711734), ([1, 7, 2, 4, 5, 9, 3, 8, 6, 10], 26.558692644711734)]
[([0, 0, 0, 0, 10], 30.685121087047882), ([1, 2, 4, 5, 9, 8, 3, 7, 6, 10], 30.685121087047882)]
[([0, 0, 0, 0, 10], 29.72768500471454), ([1, 2, 4, 5, 8, 3, 9, 7, 6, 10], 29.72768500471454)]
[([0, 0, 0, 0, 10], 30.685121087047882), ([1, 2, 4, 5, 9, 8, 3, 7, 6, 10], 30.685121087047882)]
[([0, 0, 0, 0, 7], 26.91969347709609), ([1, 10, 2, 4, 5, 9, 8, 3, 6, 7], 26.91969347709609)]
[([0, 0, 0, 0, 10], 28.60974881681634), ([1, 6, 7, 8, 3, 9, 5, 4, 2, 10], 28.60974881681634)]
[([0, 0, 0, 0, 10], 30.685121087047882), ([1, 2, 4, 5, 9, 8, 3, 7, 6, 10], 30.685121087047882)]
[([0, 0, 0, 0, 10], 24.054820813963058), ([1, 8, 9, 3, 7, 5, 4, 2, 6, 10], 24.054820813963058)]
[([0, 0, 0, 0, 10], 28.12821898780124), ([1, 6, 7, 3, 9, 8, 5, 4, 2, 10], 28.12821898780124)]
[([0, 0, 0, 0, 10], 25.286093121854783), ([1, 2, 4, 9, 8, 3, 5, 7, 6, 10], 25.286093121854783)]
[([0, 0, 0, 0, 10], 27.705002943644434), ([1, 3, 8, 9, 5, 4, 2, 7, 6, 10], 27.705002943644434)]
[([0, 0, 0, 0, 10], 28.750582428291843), ([1, 6, 7, 9, 3, 8, 5, 4, 2, 10], 28.750582428291843)]
[([0, 0, 0, 0, 10], 30.685121087047882), ([1, 2, 4, 5, 9, 8, 3, 7, 6, 10], 30.685121087047882)]
[([0, 0, 0, 0, 10], 30.236679765279753), ([1, 7, 3, 8, 9, 5, 4, 2, 6, 10], 30.236679765279753)]
[([0, 0, 0, 0, 10], 27.705002943644434), ([1, 3, 8, 9, 5, 4, 2, 7, 6, 10], 27.705002943644434)]
[([0, 0, 0, 0, 10], 26.583876916494244), ([1, 7, 3, 8, 9, 5, 2, 4, 6, 10], 26.583876916494244)]
[([0, 0, 0, 0, 7], 28.555315668733623), ([1, 10, 6, 2, 4, 5, 8, 3, 9, 7], 28.555315668733623)]
[([0, 0, 0, 0, 7], 27.933623119136413), ([1, 10, 6, 2, 4, 5, 8, 9, 3, 7], 27.933623119136413)]
[([0, 0, 0, 0, 10], 25.175961022945714), ([1, 7, 4, 5, 9, 8, 3, 2, 6, 10], 25.175961022945714)]
[([0, 0, 0, 0, 10], 30.685121087047882), ([1, 2, 4, 5, 9, 8, 3, 7, 6, 10], 30.685121087047882)]
[([0, 0, 0, 0, 10], 30.685121087047882), ([1, 2, 4, 5, 9, 8, 3, 7, 6, 10], 30.685121087047882)]
[([0, 0, 0, 0, 10], 30.236679765279753), ([1, 7, 3, 8, 9, 5, 4, 2, 6, 10], 30.236679765279753)]

