Fri Apr 29 19:52:52 2016
[([0, 3, 0, 0, 3], 2.0662062054355865), ([1, 7, 8, 10, 4, 9, 2, 5, 6, 3], 2.0662062054355865)]
[([0, 3, 0, 0, 3], 2.020276167465099), ([1, 2, 9, 4, 8, 10, 7, 5, 6, 3], 2.020276167465099)]
[([0, 3, 0, 0, 0], 2.1065383351848674), ([1, 7, 4, 8, 10, 9, 2, 5, 6, 3], 2.1065383351848674)]
[([0, 3, 3, 0, 3], 2.1040077054899817), ([1, 10, 4, 8, 7, 9, 2, 6, 5, 3], 2.1040077054899817)]
[([0, 3, 0, 0, 3], 2.0218309735583864), ([1, 5, 6, 2, 9, 4, 10, 8, 7, 3], 2.0218309735583864)]
[([0, 3, 0, 0, 3], 2.117841841051964), ([1, 7, 4, 8, 10, 9, 2, 6, 5, 3], 2.117841841051964)]
[([0, 3, 0, 0, 3], 1.9885450818563182), ([1, 10, 4, 8, 7, 2, 9, 6, 5, 3], 1.9885450818563182)]
[([0, 3, 3, 0, 3], 2.01326081568498), ([1, 4, 8, 10, 7, 2, 9, 6, 5, 3], 2.01326081568498)]
[([0, 3, 3, 0, 3], 2.0650895841351473), ([1, 7, 10, 4, 8, 9, 2, 6, 5, 3], 2.0650895841351473)]
[([0, 3, 3, 0, 0], 2.020276167465099), ([1, 2, 9, 4, 8, 10, 7, 5, 6, 3], 2.020276167465099)]
[([0, 3, 3, 0, 0], 2.142235096209711), ([1, 7, 10, 8, 4, 9, 2, 5, 6, 3], 2.142235096209711)]
[([0, 3, 3, 0, 0], 2.0531366160444904), ([1, 10, 8, 4, 7, 2, 9, 6, 5, 3], 2.0531366160444904)]
[([0, 3, 0, 0, 3], 2.090977039685554), ([1, 8, 10, 4, 7, 9, 2, 6, 5, 3], 2.090977039685554)]
[([0, 3, 0, 0, 0], 2.0770799001966127), ([1, 7, 8, 10, 4, 9, 2, 6, 5, 3], 2.0770799001966127)]
[([0, 3, 3, 0, 0], 2.0945717530535606), ([1, 5, 6, 2, 9, 4, 8, 10, 7, 3], 2.0945717530535606)]
[([0, 3, 3, 0, 0], 1.934103250369431), ([1, 9, 7, 4, 8, 10, 2, 6, 5, 3], 1.934103250369431)]
[([0, 3, 3, 0, 0], 2.0799577386451014), ([1, 8, 10, 4, 7, 9, 2, 5, 6, 3], 2.0799577386451014)]
[([0, 3, 0, 0, 0], 1.9325026867858421), ([1, 4, 8, 10, 9, 7, 2, 6, 5, 3], 1.9325026867858421)]
[([0, 3, 3, 0, 3], 1.952566063884745), ([1, 2, 7, 10, 8, 4, 9, 6, 5, 3], 1.952566063884745)]
[([0, 3, 3, 0, 0], 2.1645184448764825), ([1, 10, 8, 4, 7, 9, 2, 5, 6, 3], 2.1645184448764825)]
[([0, 3, 0, 0, 0], 2.092851001532468), ([1, 10, 4, 8, 7, 9, 2, 5, 6, 3], 2.092851001532468)]
[([0, 3, 0, 0, 0], 2.1202454446546706), ([1, 4, 8, 10, 7, 9, 2, 5, 6, 3], 2.1202454446546706)]
[([0, 3, 3, 0, 3], 2.1764545094122534), ([1, 10, 8, 4, 7, 9, 2, 6, 5, 3], 2.1764545094122534)]
[([0, 3, 0, 0, 0], 2.1040077054899817), ([1, 10, 4, 8, 7, 9, 2, 6, 5, 3], 2.1040077054899817)]
[([0, 3, 3, 0, 3], 1.9902869831330692), ([1, 10, 8, 4, 9, 7, 2, 5, 6, 3], 1.9902869831330692)]
[([0, 3, 0, 0, 3], 2.117841841051964), ([1, 7, 4, 8, 10, 9, 2, 6, 5, 3], 2.117841841051964)]
[([0, 3, 0, 0, 3], 1.9747188734510408), ([1, 9, 4, 8, 10, 7, 2, 5, 6, 3], 1.9747188734510408)]
[([0, 3, 3, 0, 0], 2.0531366160444904), ([1, 10, 8, 4, 7, 2, 9, 6, 5, 3], 2.0531366160444904)]
[([0, 3, 3, 0, 0], 1.8210668893630906), ([1, 6, 5, 2, 8, 10, 4, 7, 9, 3], 1.8210668893630906)]
[([0, 3, 0, 0, 3], 1.8592474318948535), ([1, 7, 9, 8, 4, 10, 2, 6, 5, 3], 1.8592474318948535)]

