Fri Apr 29 11:03:30 2016
[([0, 0, 10, 0, 0], 67.35611452505542), ([1, 5, 6, 4, 2, 3, 8, 9, 7, 10], 67.35611452505542)]
[([0, 0, 5, 0, 0], 78.83112531678469), ([1, 6, 4, 2, 8, 3, 9, 7, 10, 5], 78.83112531678469)]
[([0, 0, 10, 10, 0], 73.60390751081792), ([1, 5, 4, 2, 8, 3, 9, 7, 6, 10], 73.60390751081792)]
[([0, 0, 5, 5, 0], 76.53940686894373), ([1, 6, 9, 3, 8, 2, 4, 7, 10, 5], 76.53940686894373)]
[([0, 0, 10, 10, 0], 67.76387515438027), ([1, 6, 3, 8, 2, 4, 9, 7, 5, 10], 67.76387515438027)]
[([0, 0, 5, 5, 0], 72.96735159898266), ([1, 10, 7, 9, 3, 8, 4, 2, 6, 5], 72.96735159898266)]
[([0, 0, 10, 0, 0], 73.60390751081792), ([1, 5, 4, 2, 8, 3, 9, 7, 6, 10], 73.60390751081792)]
[([0, 0, 10, 0, 0], 71.85185290136263), ([1, 4, 2, 3, 8, 9, 7, 6, 5, 10], 71.85185290136263)]
[([0, 0, 10, 0, 0], 70.27101849675977), ([1, 6, 9, 3, 8, 2, 4, 7, 5, 10], 70.27101849675977)]
[([0, 0, 5, 0, 0], 70.77022057973815), ([1, 8, 3, 2, 4, 7, 9, 6, 10, 5], 70.77022057973815)]
[([0, 0, 5, 5, 0], 72.72298756487834), ([1, 7, 9, 3, 2, 4, 8, 6, 10, 5], 72.72298756487834)]
[([0, 0, 10, 0, 0], 72.73811081341303), ([1, 6, 7, 9, 8, 3, 2, 4, 5, 10], 72.73811081341303)]
[([0, 0, 5, 0, 0], 78.83112531678469), ([1, 6, 4, 2, 8, 3, 9, 7, 10, 5], 78.83112531678469)]
[([0, 0, 10, 0, 0], 71.2085434418324), ([1, 9, 3, 8, 2, 4, 7, 6, 5, 10], 71.2085434418324)]
[([0, 0, 5, 5, 0], 80.14156577666192), ([1, 10, 4, 2, 8, 3, 9, 7, 6, 5], 80.14156577666192)]
[([0, 0, 7, 0, 0], 51.95795500100368), ([1, 10, 5, 6, 4, 2, 8, 3, 9, 7], 51.95795500100368)]
[([0, 0, 5, 5, 0], 78.79934086010635), ([1, 7, 9, 3, 8, 2, 4, 6, 10, 5], 78.79934086010635)]
[([0, 0, 10, 0, 0], 70.27101849675977), ([1, 6, 9, 3, 8, 2, 4, 7, 5, 10], 70.27101849675977)]
[([0, 0, 5, 0, 0], 70.63838966338129), ([1, 4, 2, 3, 8, 6, 9, 7, 10, 5], 70.63838966338129)]
[([0, 0, 5, 5, 0], 76.50944322587458), ([1, 2, 4, 8, 3, 9, 7, 6, 10, 5], 76.50944322587458)]
[([0, 0, 6, 6, 0], 50.26738697636234), ([1, 9, 3, 8, 2, 4, 7, 5, 10, 6], 50.26738697636234)]
[([0, 0, 5, 5, 0], 77.51552230505678), ([1, 9, 3, 8, 2, 4, 7, 6, 10, 5], 77.51552230505678)]
[([0, 0, 5, 0, 0], 80.14156577666192), ([1, 10, 4, 2, 8, 3, 9, 7, 6, 5], 80.14156577666192)]
[([0, 0, 5, 5, 0], 80.14156577666192), ([1, 10, 4, 2, 8, 3, 9, 7, 6, 5], 80.14156577666192)]
[([0, 0, 5, 0, 0], 74.23807990115664), ([1, 6, 7, 3, 8, 2, 4, 9, 10, 5], 74.23807990115664)]
[([0, 0, 5, 5, 0], 76.42658928887812), ([1, 10, 6, 4, 2, 8, 3, 9, 7, 5], 76.42658928887812)]
[([0, 0, 5, 5, 0], 72.6543600200199), ([1, 9, 3, 2, 4, 8, 7, 6, 10, 5], 72.6543600200199)]
[([0, 0, 10, 10, 0], 66.22518136829953), ([1, 6, 2, 4, 3, 8, 9, 7, 5, 10], 66.22518136829953)]
[([0, 0, 10, 10, 0], 70.17108598453143), ([1, 5, 6, 4, 2, 8, 3, 9, 7, 10], 70.17108598453143)]
[([0, 0, 5, 0, 0], 75.35217996083719), ([1, 9, 3, 8, 2, 4, 6, 7, 10, 5], 75.35217996083719)]

