Fri Apr 29 15:13:48 2016
[([0, 0, 6, 6, 0], 71.38758631698953), ([1, 4, 9, 3, 8, 7, 2, 10, 5, 6], 71.38758631698953)]
[([0, 0, 6, 6, 0], 68.8484023664795), ([1, 10, 5, 2, 7, 8, 3, 9, 4, 6], 68.8484023664795)]
[([0, 0, 6, 0, 6], 68.00556515220009), ([1, 4, 9, 3, 8, 7, 10, 2, 5, 6], 68.00556515220009)]
[([0, 0, 6, 0, 0], 69.33947046400269), ([1, 5, 2, 10, 7, 8, 3, 9, 4, 6], 69.33947046400269)]
[([0, 0, 6, 6, 6], 66.90019411427419), ([1, 5, 2, 10, 9, 3, 8, 7, 4, 6], 66.90019411427419)]
[([0, 0, 6, 0, 6], 68.04108558290348), ([1, 5, 10, 2, 8, 3, 7, 4, 9, 6], 68.04108558290348)]
[([0, 0, 6, 6, 6], 71.38758631698953), ([1, 4, 9, 3, 8, 7, 2, 10, 5, 6], 71.38758631698953)]
[([0, 0, 6, 0, 0], 66.81783843064129), ([1, 5, 10, 9, 2, 7, 8, 3, 4, 6], 66.81783843064129)]
[([0, 0, 6, 0, 0], 69.33947046400269), ([1, 5, 2, 10, 7, 8, 3, 9, 4, 6], 69.33947046400269)]
[([0, 0, 6, 0, 0], 69.33947046400269), ([1, 5, 2, 10, 7, 8, 3, 9, 4, 6], 69.33947046400269)]
[([0, 0, 6, 0, 0], 72.85890021339797), ([1, 5, 10, 2, 7, 8, 3, 9, 4, 6], 72.85890021339797)]
[([0, 0, 6, 6, 6], 65.97187076238717), ([1, 5, 4, 9, 3, 7, 8, 2, 10, 6], 65.97187076238717)]
[([0, 0, 6, 6, 0], 70.12708055218008), ([1, 4, 9, 7, 8, 3, 2, 10, 5, 6], 70.12708055218008)]
[([0, 0, 6, 6, 6], 69.67883388065748), ([1, 4, 9, 7, 3, 8, 2, 10, 5, 6], 69.67883388065748)]
[([0, 0, 6, 0, 0], 67.01204157354681), ([1, 4, 10, 5, 2, 7, 8, 3, 9, 6], 67.01204157354681)]
[([0, 0, 6, 6, 6], 67.29764882139334), ([1, 5, 2, 7, 8, 3, 9, 10, 4, 6], 67.29764882139334)]
[([0, 0, 6, 6, 0], 65.72389974051119), ([1, 5, 2, 7, 3, 8, 9, 4, 10, 6], 65.72389974051119)]
[([0, 0, 6, 6, 0], 68.29972261947972), ([1, 5, 10, 3, 8, 7, 2, 9, 4, 6], 68.29972261947972)]
[([0, 0, 6, 6, 0], 70.12708055218008), ([1, 4, 9, 7, 8, 3, 2, 10, 5, 6], 70.12708055218008)]
[([0, 0, 6, 6, 0], 71.38758631698953), ([1, 4, 9, 3, 8, 7, 2, 10, 5, 6], 71.38758631698953)]
[([0, 0, 6, 0, 0], 67.09142141246446), ([1, 10, 5, 2, 7, 3, 8, 9, 4, 6], 67.09142141246446)]
[([0, 0, 6, 0, 6], 68.86114029056336), ([1, 5, 10, 2, 8, 7, 3, 4, 9, 6], 68.86114029056336)]
[([0, 0, 6, 6, 0], 69.33947046400269), ([1, 5, 2, 10, 7, 8, 3, 9, 4, 6], 69.33947046400269)]
[([0, 0, 6, 6, 0], 67.66468917682455), ([1, 5, 2, 10, 8, 3, 7, 9, 4, 6], 67.66468917682455)]
[([0, 0, 6, 0, 6], 68.3050944936394), ([1, 9, 4, 3, 8, 7, 2, 10, 5, 6], 68.3050944936394)]
[([0, 0, 6, 0, 0], 69.33947046400269), ([1, 5, 2, 10, 7, 8, 3, 9, 4, 6], 69.33947046400269)]
[([0, 0, 6, 6, 6], 72.85890021339797), ([1, 5, 10, 2, 7, 8, 3, 9, 4, 6], 72.85890021339797)]
[([0, 0, 6, 0, 6], 66.82983600352084), ([1, 5, 3, 8, 7, 2, 10, 9, 4, 6], 66.82983600352084)]
[([0, 0, 6, 0, 0], 67.28895829185208), ([1, 4, 9, 7, 8, 3, 2, 5, 10, 6], 67.28895829185208)]
[([0, 0, 6, 6, 0], 71.94944558544091), ([1, 5, 10, 2, 8, 7, 3, 9, 4, 6], 71.94944558544091)]

