Fri Apr 29 15:42:07 2016
[([0, 0, 0, 0, 9], 23.649250626729593), ([1, 4, 5, 6, 3, 7, 8, 2, 10, 9], 23.649250626729593)]
[([0, 0, 0, 0, 9], 23.111943553553235), ([1, 4, 5, 6, 2, 7, 8, 3, 10, 9], 23.111943553553235)]
[([0, 0, 0, 0, 9], 23.46276753668272), ([1, 5, 3, 6, 8, 7, 2, 10, 4, 9], 23.46276753668272)]
[([0, 0, 0, 0, 9], 22.166799236096715), ([1, 3, 6, 10, 2, 7, 8, 5, 4, 9], 22.166799236096715)]
[([0, 0, 0, 0, 9], 22.248488954452128), ([1, 4, 10, 8, 7, 2, 3, 6, 5, 9], 22.248488954452128)]
[([0, 0, 0, 0, 9], 18.989143242093817), ([1, 5, 6, 8, 2, 7, 3, 10, 9, 4], 18.989143242093817)]
[([0, 0, 0, 0, 9], 23.051194667909513), ([1, 10, 3, 6, 8, 7, 2, 5, 4, 9], 23.051194667909513)]
[([0, 0, 0, 0, 9], 21.57888134633434), ([1, 5, 6, 3, 10, 7, 2, 8, 4, 9], 21.57888134633434)]
[([0, 0, 0, 0, 9], 23.649250626729593), ([1, 4, 5, 6, 3, 7, 8, 2, 10, 9], 23.649250626729593)]
[([0, 0, 0, 0, 9], 22.865199964663386), ([1, 2, 7, 8, 6, 3, 10, 5, 4, 9], 22.865199964663386)]
[([0, 0, 0, 0, 9], 18.986740922508886), ([1, 5, 3, 6, 7, 8, 2, 10, 9, 4], 18.986740922508886)]
[([0, 0, 0, 0, 9], 21.844806730693083), ([1, 4, 5, 8, 7, 2, 3, 6, 10, 9], 21.844806730693083)]
[([0, 0, 0, 0, 9], 23.213043987319413), ([1, 4, 5, 6, 3, 2, 8, 7, 10, 9], 23.213043987319413)]
[([0, 0, 0, 0, 9], 22.075758632780705), ([1, 5, 6, 3, 10, 2, 8, 7, 4, 9], 22.075758632780705)]
[([0, 0, 0, 0, 9], 23.111943553553235), ([1, 4, 5, 6, 2, 7, 8, 3, 10, 9], 23.111943553553235)]
[([0, 0, 0, 0, 9], 22.361350281712358), ([1, 3, 6, 2, 7, 8, 10, 5, 4, 9], 22.361350281712358)]
[([0, 0, 0, 0, 9], 23.88177198724433), ([1, 3, 10, 2, 7, 8, 6, 5, 4, 9], 23.88177198724433)]
[([0, 0, 0, 0, 9], 22.939489143376502), ([1, 2, 8, 7, 10, 3, 6, 5, 4, 9], 22.939489143376502)]
[([0, 0, 0, 0, 9], 25.219147872835283), ([1, 10, 2, 7, 8, 3, 6, 5, 4, 9], 25.219147872835283)]
[([0, 0, 0, 0, 9], 21.862003395366397), ([1, 4, 5, 10, 6, 3, 8, 7, 2, 9], 21.862003395366397)]
[([0, 0, 0, 0, 9], 22.85140262515768), ([1, 5, 6, 2, 7, 8, 3, 10, 4, 9], 22.85140262515768)]
[([0, 0, 0, 0, 9], 23.4985028830015), ([1, 3, 6, 8, 7, 2, 10, 5, 4, 9], 23.4985028830015)]
[([0, 0, 0, 0, 9], 23.376526233083776), ([1, 5, 6, 3, 7, 8, 2, 10, 4, 9], 23.376526233083776)]
[([0, 0, 0, 0, 9], 24.465249780743264), ([1, 4, 5, 6, 3, 8, 7, 2, 10, 9], 24.465249780743264)]
[([0, 0, 0, 0, 9], 22.581970878660716), ([1, 3, 7, 8, 2, 10, 6, 5, 4, 9], 22.581970878660716)]
[([0, 0, 0, 0, 9], 23.983520012922614), ([1, 10, 7, 2, 8, 3, 6, 5, 4, 9], 23.983520012922614)]
[([0, 0, 0, 0, 9], 23.238943600131023), ([1, 5, 6, 8, 7, 2, 3, 10, 4, 9], 23.238943600131023)]
[([0, 0, 0, 0, 9], 24.173496497527836), ([1, 5, 6, 3, 8, 7, 2, 10, 4, 9], 24.173496497527836)]
[([0, 0, 0, 0, 9], 22.422133141512276), ([1, 3, 6, 8, 2, 7, 10, 5, 4, 9], 22.422133141512276)]
[([0, 0, 0, 0, 9], 22.5807467841699), ([1, 10, 3, 6, 2, 7, 8, 5, 4, 9], 22.5807467841699)]

