Wed Apr 27 19:08:40 2016
[([10, 9, 4], 0), ([6, 6, 1, 9, 7, 7, 5, 3, 10, 4], 0)]
[([4, 2, 5], 0), ([3, 4, 8, 9, 6, 7, 6, 7, 5, 9], 0)]
[([9, 3, 10], 0), ([7, 2, 9, 10, 3, 5, 6, 4, 6, 5], 0)]
[([4, 5, 10], 0), ([1, 3, 8, 2, 3, 7, 9, 6, 7, 5], 0)]
[([0, 8, 2], 0), ([1, 6, 9, 2, 9, 4, 6, 8, 1, 3], 0)]
[([0, 2, 8], 0), ([5, 5, 10, 10, 7, 6, 4, 9, 3, 10], 0)]
[([6, 1, 4], 0), ([7, 8, 2, 3, 5, 2, 1, 5, 5, 10], 0)]
[([8, 3, 1], 0), ([8, 5, 6, 7, 2, 5, 5, 10, 5, 2], 0)]
[([9, 1, 10], 0), ([1, 3, 2, 10, 10, 8, 5, 5, 7, 3], 0)]
[([1, 9, 8], 0), ([5, 8, 5, 10, 10, 9, 2, 9, 9, 10], 0)]
[([9, 2, 1], 0), ([3, 2, 5, 8, 5, 6, 2, 1, 7, 2], 0)]
[([0, 7, 1], 0), ([8, 8, 9, 8, 7, 6, 3, 4, 9, 8], 0)]
[([0, 4, 2], 0), ([8, 8, 8, 5, 1, 2, 9, 2, 4, 2], 0)]
[([9, 4, 2], 0), ([6, 4, 6, 5, 6, 10, 6, 10, 10, 10], 0)]
[([7, 4, 4], 0), ([1, 8, 1, 4, 5, 6, 3, 3, 3, 4], 0)]
[([9, 1, 6], 0), ([5, 5, 6, 8, 5, 4, 10, 3, 2, 3], 0)]
[([7, 5, 4], 0), ([9, 5, 6, 6, 9, 6, 5, 9, 1, 7], 0)]
[([4, 10, 2], 0), ([5, 7, 7, 8, 7, 7, 10, 9, 2, 1], 0)]
[([6, 8, 2], 0), ([5, 9, 3, 1, 9, 9, 2, 10, 10, 9], 0)]
[([4, 7, 3], 0), ([4, 3, 2, 7, 10, 4, 3, 4, 7, 3], 0)]
[([7, 2, 4], 0), ([4, 8, 6, 9, 4, 3, 8, 9, 4, 4], 0)]
[([10, 3, 10], 0), ([4, 3, 8, 6, 5, 8, 6, 6, 10, 3], 0)]
[([7, 8, 4], 0), ([1, 4, 3, 6, 8, 9, 2, 3, 7, 3], 0)]
[([1, 6, 2], 0), ([1, 7, 2, 9, 4, 4, 1, 4, 10, 9], 0)]
[([7, 2, 8], 0), ([5, 6, 10, 4, 5, 7, 3, 2, 3, 4], 0)]
[([5, 1, 8], 0), ([6, 6, 2, 9, 7, 2, 1, 8, 6, 7], 0)]
[([10, 0, 8], 0), ([9, 8, 5, 5, 9, 9, 3, 5, 4, 4], 0)]
[([5, 6, 7], 0), ([4, 5, 3, 2, 9, 8, 8, 5, 6, 2], 0)]
[([5, 5, 9], 0), ([2, 10, 5, 8, 4, 1, 5, 8, 3, 9], 0)]
[([6, 2, 2], 0), ([9, 10, 8, 8, 6, 7, 5, 1, 8, 8], 0)]

Wed Apr 27 19:10:47 2016
[([7, 10, 4], 0), ([10, 9, 1, 2, 4, 7, 10, 4, 3, 6], 0)]
[([9, 2, 5], 0), ([5, 5, 2, 7, 9, 10, 9, 1, 3, 2], 0)]
[([4, 1, 9], 0), ([1, 4, 10, 2, 6, 10, 1, 4, 4, 2], 0)]
Wed Apr 27 19:11:09 2016
Wed Apr 27 19:11:21 2016
[([0, 0, 2], 1.5206596489884991), ([1, 9, 10, 3, 4, 5, 6, 7, 8, 2], 1.5206596489884991)]
[([0, 2, 0], 5.364574868640086), ([1, 4, 10, 8, 7, 5, 3, 9, 6, 2], 5.364574868640086)]
[([0, 7, 0], 4.304349105240298), ([1, 10, 2, 3, 5, 8, 4, 9, 6, 7], 4.304349105240298)]
[([0, 7, 0], 3.8799606728396587), ([1, 9, 10, 2, 8, 6, 5, 4, 3, 7], 3.8799606728396587)]
[([0, 1, 0], 1.204084479065858), ([1, 4, 9, 3, 5, 8, 6, 7, 2, 10], 1.204084479065858)]
[([0, 7, 0], 3.5908197370741037), ([1, 10, 8, 5, 9, 4, 6, 2, 3, 7], 3.5908197370741037)]
[([0, 0, 2], 1.5710942119025637), ([1, 9, 8, 5, 6, 4, 3, 7, 10, 2], 1.5710942119025637)]
[([0, 7, 0], 4.169970116533613), ([1, 10, 4, 9, 6, 8, 5, 3, 7, 2], 4.169970116533613)]
[([0, 0, 2], 1.6406065994645107), ([1, 10, 3, 6, 7, 5, 8, 4, 9, 2], 1.6406065994645107)]
[([0, 7, 0], 3.4657550476990626), ([1, 10, 5, 9, 2, 6, 4, 3, 7, 8], 3.4657550476990626)]
[([0, 7, 0], 3.923454791724608), ([1, 5, 6, 8, 2, 10, 4, 9, 3, 7], 3.923454791724608)]
[([0, 7, 0], 3.5350313410485508), ([1, 8, 9, 4, 2, 3, 5, 7, 6, 10], 3.5350313410485508)]
[([0, 2, 0], 6.2364025531881095), ([1, 4, 8, 6, 5, 3, 7, 9, 10, 2], 6.2364025531881095)]
[([0, 2, 0], 6.049912593200515), ([1, 8, 9, 4, 6, 3, 5, 7, 10, 2], 6.049912593200515)]
[([0, 0, 2], 1.5596764717230016), ([1, 5, 4, 8, 7, 9, 3, 6, 10, 2], 1.5596764717230016)]
[([0, 0, 2], 1.353410381616335), ([1, 6, 10, 5, 7, 9, 3, 4, 8, 2], 1.353410381616335)]
[([0, 0, 2], 1.575693373189237), ([1, 10, 8, 7, 5, 9, 6, 3, 4, 2], 1.575693373189237)]
[([0, 2, 0], 5.793554265012344), ([1, 10, 5, 6, 8, 7, 3, 4, 9, 2], 5.793554265012344)]
[([0, 0, 2], 1.627128174725572), ([1, 4, 9, 5, 8, 3, 7, 10, 6, 2], 1.627128174725572)]
[([0, 7, 0], 4.203100367433562), ([1, 3, 5, 4, 9, 6, 7, 8, 10, 2], 4.203100367433562)]
[([0, 7, 0], 4.027857780484153), ([1, 2, 10, 5, 3, 9, 8, 6, 7, 4], 4.027857780484153)]
[([0, 2, 0], 5.716597287692118), ([1, 4, 3, 8, 5, 7, 6, 9, 10, 2], 5.716597287692118)]
[([0, 2, 0], 6.231542161172676), ([1, 4, 9, 5, 6, 8, 3, 7, 2, 10], 6.231542161172676)]
[([0, 2, 0], 6.006704743746314), ([1, 4, 3, 6, 7, 8, 9, 5, 10, 2], 6.006704743746314)]
[([0, 2, 0], 5.789793888389897), ([1, 7, 4, 8, 6, 3, 5, 9, 10, 2], 5.789793888389897)]
[([0, 2, 0], 5.8882349714271145), ([1, 4, 3, 6, 9, 5, 7, 8, 10, 2], 5.8882349714271145)]
[([0, 0, 10], 1.3595042078056947), ([1, 8, 7, 5, 3, 9, 4, 6, 10, 2], 1.3595042078056947)]
[([0, 2, 0], 6.382436430306849), ([1, 9, 3, 7, 8, 6, 5, 4, 10, 2], 6.382436430306849)]
[([0, 0, 2], 1.5598222700854982), ([1, 7, 10, 6, 8, 4, 9, 5, 3, 2], 1.5598222700854982)]
[([0, 0, 2], 1.7109006626296996), ([1, 9, 4, 10, 3, 5, 6, 7, 8, 2], 1.7109006626296996)]

Wed Apr 27 19:14:40 2016
[([0, 2, 0], 5.251173256080797), ([1, 5, 9, 8, 4, 6, 7, 3, 10, 2], 5.251173256080797)]
[([0, 2, 0], 6.255486444818432), ([1, 10, 7, 6, 8, 4, 9, 3, 5, 2], 6.255486444818432)]
[([0, 2, 0], 5.978402644289134), ([1, 9, 3, 5, 4, 10, 8, 7, 6, 2], 5.978402644289134)]
[([0, 7, 0], 3.6208178794798203), ([1, 8, 2, 6, 4, 9, 5, 3, 7, 10], 3.6208178794798203)]
[([0, 2, 0], 6.569502596653321), ([1, 9, 4, 7, 3, 5, 6, 8, 2, 10], 6.569502596653321)]
[([0, 2, 0], 5.715043490272698), ([1, 8, 3, 5, 6, 7, 10, 4, 9, 2], 5.715043490272698)]
[([0, 0, 2], 1.6752371799027714), ([1, 5, 9, 3, 6, 7, 8, 4, 10, 2], 1.6752371799027714)]
[([0, 7, 0], 3.266321748546513), ([1, 10, 3, 5, 8, 4, 6, 2, 9, 7], 3.266321748546513)]
[([0, 7, 0], 3.482601415180515), ([1, 8, 6, 5, 3, 2, 9, 4, 10, 7], 3.482601415180515)]
[([0, 7, 0], 3.777923098799071), ([1, 4, 9, 5, 8, 6, 10, 3, 7, 2], 3.777923098799071)]
[([0, 2, 0], 6.501121501256238), ([1, 8, 3, 5, 6, 7, 4, 9, 10, 2], 6.501121501256238)]
[([0, 7, 0], 3.914323367596257), ([1, 2, 9, 4, 6, 5, 3, 8, 7, 10], 3.914323367596257)]
[([0, 7, 0], 3.6861443874306534), ([1, 2, 9, 8, 3, 5, 4, 6, 7, 10], 3.6861443874306534)]
[([0, 0, 2], 1.688309921045181), ([1, 10, 9, 4, 5, 7, 6, 8, 3, 2], 1.688309921045181)]
[([0, 2, 0], 4.679968788324894), ([1, 10, 3, 6, 9, 8, 4, 5, 7, 2], 4.679968788324894)]
[([0, 7, 0], 4.332333642459835), ([1, 10, 6, 3, 5, 9, 4, 7, 8, 2], 4.332333642459835)]
[([0, 7, 0], 4.175736200722928), ([1, 4, 5, 3, 6, 10, 2, 9, 7, 8], 4.175736200722928)]
[([0, 7, 0], 3.5542989905337388), ([1, 10, 6, 4, 2, 3, 5, 9, 8, 7], 3.5542989905337388)]
[([0, 2, 0], 5.865006105212437), ([1, 8, 4, 6, 7, 5, 3, 9, 10, 2], 5.865006105212437)]
[([0, 7, 0], 2.4038206634574206), ([1, 4, 10, 9, 6, 7, 3, 5, 8, 2], 2.4038206634574206)]
[([0, 2, 0], 5.42028650041619), ([1, 4, 6, 10, 8, 7, 5, 3, 9, 2], 5.42028650041619)]
[([0, 7, 0], 4.079638178895529), ([1, 2, 10, 8, 6, 9, 3, 5, 4, 7], 4.079638178895529)]
[([0, 2, 0], 5.651948510900019), ([1, 3, 8, 7, 6, 9, 5, 4, 10, 2], 5.651948510900019)]
[([0, 2, 0], 5.497112436421487), ([1, 4, 8, 7, 9, 6, 5, 3, 10, 2], 5.497112436421487)]
[([0, 0, 2], 1.5120987065958549), ([1, 9, 10, 4, 3, 8, 7, 5, 6, 2], 1.5120987065958549)]
[([0, 0, 2], 1.6051753641603288), ([1, 10, 4, 8, 7, 6, 9, 3, 5, 2], 1.6051753641603288)]
[([0, 2, 0], 5.140850234381325), ([1, 9, 6, 5, 3, 4, 10, 8, 7, 2], 5.140850234381325)]
[([0, 7, 0], 3.8531667627666044), ([1, 2, 3, 5, 8, 10, 9, 4, 6, 7], 3.8531667627666044)]
[([0, 7, 0], 3.864181196392373), ([1, 9, 4, 10, 5, 3, 2, 6, 7, 8], 3.864181196392373)]
[([0, 2, 0], 6.404794112011599), ([1, 9, 5, 7, 6, 3, 8, 4, 10, 2], 6.404794112011599)]

